-9.759873e-02
-4.302538e-01
-2.054672e-01
-4.796732e-01
-2.524780e-01
-1.477062e-01
1.599271e-01
4.167503e-01
-7.401110e-01
3.826024e-01
-7.030244e-02
2.876458e-01
-2.232981e-01
-4.358417e-01
3.802485e-01
3.517329e-01
-6.439986e-01
-6.002349e-02
6.895437e-01
1.200509e-01
1.062990e-01
5.032169e-01
-3.340880e-01
-1.486319e-03
1.275535e-01
2.057572e-01
-1.000190e-01
1.717722e-01
7.848447e-01
4.033133e-01
-1.050708e-01
1.950719e-01
5.977235e-01
-7.558234e-01
2.148555e-01
1.477625e-01
-6.635621e-01
8.593980e-01
1.697442e-01
-3.564375e-01
6.778127e-01
-3.318159e-01
-3.944518e-01
1.804393e-01
-1.493611e-02
-3.663875e-01
-4.459486e-01
1.925754e-01
-2.701405e-01
2.963274e-01
3.467560e-01
4.372147e-01
1.175848e-01
1.994161e-01
-7.844783e-01
7.723343e-02
-1.333311e-01
-4.722915e-01
4.025647e-01
1.584667e-01
2.163006e-02
4.017772e-01
-5.233305e-01
5.762757e-01
-2.078575e-01
-5.729256e-01
5.631758e-02
-4.080756e-01
-6.899092e-01
4.894062e-02
2.728153e-01
-5.381479e-01
-2.369895e-01
-2.656994e-01
-5.125011e-01
2.118861e-01
1.539956e-01
9.385401e-01
3.581805e-01
-3.446194e-01
-6.816931e-01
-1.265188e-01
-4.123919e-01
-4.524332e-01
-4.247155e-02
7.079347e-01
-4.206262e-01
-5.702162e-01
-1.587016e-01
-2.217903e-02
-2.639807e-01
2.115192e-01
-9.132329e-01
-5.928565e-01
9.596350e-03
-4.022257e-01
4.485318e-02
3.911603e-01
-8.033088e-01
-1.375005e-01
-4.142358e-01
-5.360234e-01
3.405460e-01
-6.385609e-02
3.136251e-01
4.865382e-01
-2.312703e-01
-3.879595e-01
-1.593474e-01
3.763299e-01
-5.609268e-01
-1.838202e-01
-2.235531e-01
-2.195819e-01
5.761908e-01
5.203353e-01
-4.023585e-01
2.410118e-01
6.539668e-01
1.962897e-01
2.369424e-01
5.529765e-01
-3.736513e-01
-5.433673e-01
-2.362899e-01
-2.741595e-01
8.109954e-01
-1.700159e-01
-7.713361e-02
5.064097e-01
1.332931e-01
3.894170e-01
3.269434e-02
3.642608e-01
-3.546579e-01
-3.874258e-01
2.854904e-01
4.763037e-01
3.833974e-02
2.117771e-01
-8.509743e-01
2.802890e-01
8.509335e-01
1.299012e-01
6.559526e-01
4.140264e-01
-5.025190e-01
3.617945e-01
4.756181e-02
-1.643808e-04
3.847126e-01
1.191973e-01
-6.103765e-01
5.292158e-01
-8.080560e-02
6.873377e-02
-4.065406e-01
6.675410e-01
-1.899302e-01
5.952156e-02
-6.772526e-03
5.615046e-01
1.831410e-01
5.449617e-01
1.740679e-01
-7.077999e-01
2.674373e-02
3.005976e-01
-4.366842e-01
-3.681670e-01
-1.702528e-01
-5.325058e-02
-1.959482e-01
-6.067947e-01
-5.952064e-01
-1.143512e-01
-2.909064e-01
-2.206185e-01
4.459090e-01
-1.013182e-01
9.283012e-02
-4.036843e-01
-5.784154e-01
6.642331e-02
-7.818026e-01
-8.817168e-02
-3.359699e-01
-5.429490e-01
1.948379e-01
8.710913e-02
3.689292e-01
7.354762e-02
-2.178178e-01
-2.697553e-01
6.047976e-01
2.567392e-01
4.104820e-01
7.651215e-01
6.548036e-01
3.944432e-01
-1.041604e-01
-5.389848e-02
3.823557e-01
5.390269e-01
-2.946605e-01
5.401842e-01
-2.664894e-01
-4.772213e-01
-4.423514e-02
-3.812140e-01
6.336482e-02
-5.401592e-01
-2.984740e-01
-1.465034e-01
4.897467e-01
-3.417426e-01
-4.347016e-01
5.756780e-01
1.302467e-01
-6.503157e-01
-9.906031e-03
-3.286435e-01
-4.193771e-01
-5.696305e-01
3.200313e-01
-1.375367e-01
-2.422930e-01
6.415844e-01
4.154213e-01
-6.349777e-01
3.222655e-01
5.563698e-01
2.639750e-02
8.691445e-03
5.631103e-01
-9.406142e-02
-1.014120e-01
3.429062e-01
4.470424e-01
2.789320e-01
-2.552825e-01
-3.795027e-02
5.082136e-01
4.400656e-01
3.310639e-01
-6.273928e-01
-1.678343e-01
5.205129e-01
-1.793258e-01
4.113388e-01
-3.284477e-01
5.953023e-01
6.465641e-01
5.244801e-02
2.217829e-01
2.936406e-01
-3.693831e-01
-2.476238e-01
2.017150e-01
7.708113e-01
1.443729e-01
-6.498690e-01
-5.292922e-01
2.987223e-02
-1.969104e-01
-3.191294e-01
4.277479e-01
-9.053820e-02
1.991819e-01
5.950044e-01
1.720045e-01
-3.116058e-01
-3.117236e-01
-1.037426e-01
-5.012668e-02
-8.757788e-01
-3.752678e-01
-4.558519e-01
-4.202962e-01
-7.040840e-01
-1.751343e-02
-1.262486e-01
-6.316278e-01
2.828308e-01
3.845641e-01
-1.839295e-01
-4.290586e-01
4.317975e-01
3.467896e-01
-2.466415e-01
6.429575e-01
5.128327e-01
-8.222334e-01
3.817205e-01
6.222187e-01
-1.453298e-01
7.161265e-01
3.400465e-01
-8.106589e-01
1.397218e-01
-1.256842e-01
-4.959282e-01
-3.723167e-02
