-9.607301e-02
-4.235180e-01
-2.022543e-01
1.265488e-01
-5.602723e-01
-8.200955e-01
2.199113e-01
-2.222566e-01
-7.247893e-01
9.932472e-02
-8.248450e-02
-3.593773e-01
5.041756e-01
-3.851826e-02
-3.899850e-01
7.268285e-01
-2.353855e-01
-6.457369e-01
7.555008e-01
1.711632e-01
-7.047926e-01
3.342724e-01
1.031610e-01
-7.750731e-01
5.074939e-01
4.875654e-01
-6.465536e-01
1.383293e-01
3.546840e-01
-5.081712e-01
1.670572e-01
6.429202e-01
-7.909458e-01
-1.630765e-01
4.960557e-01
-8.887428e-01
-4.124613e-01
8.187630e-01
-6.601635e-01
-6.142342e-01
5.305007e-01
-5.917659e-01
-8.560013e-01
1.587750e-01
-5.863552e-01
-6.505217e-01
-8.777973e-02
-8.500986e-01
-2.850920e-01
-1.363696e-01
-8.617429e-01
-5.885036e-01
-4.682644e-01
-6.579572e-01
-2.925631e-01
-6.400730e-01
-6.088635e-01
-2.976733e-02
-7.354885e-01
-4.171801e-01
2.612580e-01
-8.631684e-01
-2.515102e-01
3.526086e-01
-6.141119e-01
-5.084821e-01
3.845766e-01
-3.492607e-01
-2.783294e-01
7.285438e-01
-5.016037e-01
-2.713995e-01
8.385366e-01
-1.470818e-01
-2.390309e-01
5.538415e-01
5.205951e-02
-3.189337e-01
7.517615e-01
3.679526e-01
-2.953447e-01
3.253062e-01
3.938681e-01
-2.172901e-01
4.961247e-01
7.235044e-01
-1.838486e-01
2.437099e-01
7.806898e-01
-3.891989e-01
-4.778697e-02
9.693418e-01
-3.322511e-01
-1.519250e-01
6.312773e-01
-4.095413e-01
-2.349930e-01
4.286212e-01
-6.749485e-01
-3.456043e-01
1.320468e-01
-5.687681e-01
-5.712253e-01
-7.210417e-03
-2.994122e-01
-1.916610e-01
-2.617866e-01
-5.020485e-01
-5.967048e-01
-4.047004e-01
-2.718780e-01
-4.106676e-01
-6.947729e-01
-2.451580e-01
-1.647271e-01
-8.112552e-01
-4.376909e-02
4.937341e-02
-5.486177e-01
-6.678696e-02
3.122405e-01
-3.091598e-01
9.681216e-02
4.589273e-01
-6.182387e-01
4.183739e-02
7.691549e-01
-4.490431e-01
1.565231e-01
8.559199e-01
-1.435523e-01
1.644594e-01
4.532902e-01
-1.111579e-01
9.156001e-02
6.268695e-01
2.257706e-01
6.949893e-02
4.190553e-01
5.262766e-01
1.754726e-01
-1.731902e-01
1.859824e-01
2.644194e-01
1.328204e-01
8.150489e-01
4.004817e-02
-2.369847e-01
8.567813e-01
-1.192763e-02
-2.744983e-01
4.743997e-01
-7.452364e-02
-5.755546e-01
6.998207e-01
-1.660861e-01
-5.951891e-01
4.212752e-01
-3.460900e-01
-2.234518e-01
2.024379e-03
-1.108621e-01
-1.934768e-01
-3.587340e-01
-9.980374e-02
-4.982266e-01
-4.358435e-01
1.087753e-01
-1.151392e-01
-1.747764e-01
-5.059066e-02
-8.558325e-02
-3.120124e-01
3.221545e-01
-2.189095e-01
-6.750212e-01
3.903741e-01
1.467311e-01
-6.718571e-01
3.210323e-01
5.119634e-01
-5.395291e-01
4.236340e-01
2.219590e-01
-3.395584e-01
5.278662e-01
7.090176e-01
2.361646e-01
2.010274e-01
2.578992e-01
1.747963e-01
5.246492e-01
1.743822e-01
2.350271e-01
8.224781e-02
-2.225876e-01
3.762652e-01
-6.161395e-02
-2.545635e-02
5.218372e-01
3.099608e-01
-8.200590e-02
8.567651e-01
3.520172e-01
-4.046874e-01
6.757449e-01
3.044619e-01
1.411259e-01
3.753922e-01
-9.313330e-02
-7.168728e-01
4.814374e-01
1.078972e-01
-9.348242e-01
1.907377e-01
2.124741e-01
-8.565902e-01
-2.170848e-01
9.586458e-02
-2.183066e-01
-5.688425e-01
4.038611e-01
-1.161483e-01
-2.167429e-01
3.751694e-01
-4.295840e-01
-8.075085e-02
2.078903e-01
-2.964767e-01
1.308144e-01
4.011227e-01
1.047721e-01
1.104438e-01
5.711012e-01
1.735790e-01
1.624205e-01
1.588426e-01
3.815964e-01
-1.493764e-01
2.116159e-01
4.628101e-01
1.051256e-01
8.629490e-01
5.325415e-01
-6.730208e-02
5.347652e-01
1.288905e-01
-1.075108e-01
8.580626e-01
1.834860e-02
-2.982969e-01
4.772901e-01
-2.301011e-02
-2.242261e-02
-1.486348e-01
5.705783e-02
-1.146126e-01
-4.946802e-01
-1.349032e-01
2.076475e-01
-5.518500e-01
-5.446004e-01
-6.944902e-02
-2.674889e-01
-5.680717e-01
9.893924e-02
7.768656e-02
-8.761076e-01
1.506539e-01
-1.799325e-01
-7.233511e-01
2.908482e-01
5.441691e-01
-7.843440e-01
-9.513051e-02
5.223477e-01
-6.241240e-01
-4.408744e-01
3.802774e-01
-3.895909e-01
-2.741093e-01
6.940042e-01
-3.221901e-01
9.436223e-02
7.538037e-01
-2.220576e-01
4.782936e-01
5.153040e-01
4.438925e-02
4.962655e-01
7.468897e-01
3.558596e-01
4.078650e-01
4.934437e-01
6.900277e-01
3.734103e-01
6.132492e-01
8.537806e-01
-2.738844e-02
6.847450e-01
5.195832e-01
-3.139588e-01
8.577891e-01
