-9.616970e-02
-4.239450e-01
-2.024579e-01
-2.640130e-01
-5.584013e-01
-5.585712e-01
-2.131970e-01
-2.844594e-01
-5.373913e-01
3.526940e-02
-3.774118e-01
-5.927590e-01
2.208120e-01
-5.890709e-01
-4.345550e-01
3.262165e-01
-4.115926e-01
-6.136823e-01
5.436452e-01
-3.671955e-01
-5.018150e-01
5.263346e-01
-1.228386e-01
-6.158850e-01
2.800732e-01
-5.260133e-02
-6.478076e-01
4.064013e-01
1.711396e-01
-6.963873e-01
1.701066e-01
2.878634e-01
-7.048318e-01
-2.175759e-02
7.076941e-02
-6.946949e-01
-1.302127e-01
3.005942e-01
-7.659999e-01
-3.466303e-01
1.875464e-01
-6.498437e-01
-2.949915e-01
-7.011929e-02
-5.207786e-01
-5.724714e-01
4.089702e-03
-5.217737e-01
-7.140368e-01
9.868966e-02
-2.972717e-01
-7.279603e-01
-9.226067e-02
-9.302314e-02
-6.268216e-01
-3.296756e-01
-2.025158e-01
-4.316540e-01
-4.476681e-01
-3.074188e-01
-2.471304e-01
-6.115618e-01
-2.521184e-01
-6.638227e-02
-4.178255e-01
-3.162453e-01
5.427376e-02
-1.747802e-01
-3.139819e-01
2.433762e-01
-3.462714e-01
-2.998685e-01
4.903786e-01
-4.298226e-01
-2.251942e-01
5.983378e-01
-1.856242e-01
-2.833819e-01
3.879021e-01
-4.923168e-02
-3.612118e-01
5.315350e-01
1.796374e-01
-4.229706e-01
2.778250e-01
2.325611e-01
-4.437188e-01
9.450922e-02
7.708794e-02
-3.450671e-01
-5.757388e-02
2.472080e-01
-4.469415e-01
-7.457314e-02
4.827310e-01
-5.427000e-01
-3.105862e-01
4.668247e-01
-4.564458e-01
-5.057606e-01
3.192788e-01
-3.936172e-01
-3.391342e-01
1.557743e-01
-3.057020e-01
-4.653487e-01
-2.931287e-02
-2.023950e-01
-1.917803e-01
-5.901060e-02
-1.587379e-01
-3.352014e-01
-2.469947e-01
-1.166720e-01
-4.053386e-01
-4.577374e-01
1.013497e-02
-1.515705e-01
-4.658993e-01
-2.351070e-02
8.351360e-02
-5.665797e-01
-1.100408e-01
1.033491e-01
-2.957428e-01
-6.313718e-02
3.498124e-01
-4.309480e-01
3.377377e-03
3.549769e-01
-1.633267e-01
-7.950825e-02
6.020490e-01
-1.088979e-01
-1.863021e-02
5.613722e-01
1.059091e-01
-1.633126e-01
3.164635e-01
1.836703e-01
-1.503843e-01
3.978593e-01
3.983500e-01
-2.600699e-01
2.025828e-01
5.212204e-01
-3.727874e-01
4.217487e-02
3.755035e-01
-2.174045e-01
-1.047454e-01
5.823338e-01
-2.725262e-01
-2.368411e-01
3.793620e-01
-1.661813e-01
-4.848136e-01
3.936545e-01
-1.245818e-01
-5.480178e-01
2.087997e-01
4.794467e-02
-3.142051e-01
1.217461e-01
-8.464868e-03
-4.361350e-01
-1.051205e-01
8.245241e-02
-1.689643e-01
-8.547712e-02
1.274486e-01
-2.287624e-01
-3.173393e-01
1.856395e-01
-1.684856e-01
-5.561515e-01
2.386742e-01
9.740554e-02
-5.384540e-01
1.938518e-01
8.134669e-02
-2.568244e-01
1.861431e-01
3.259345e-01
-2.408760e-01
1.896529e-01
1.728344e-01
5.596583e-03
1.012520e-01
4.190717e-01
8.388642e-02
1.091931e-01
6.289153e-01
2.405697e-01
8.033495e-02
4.460279e-01
4.006275e-01
8.904552e-03
1.795086e-01
3.526210e-01
5.526247e-02
2.280975e-01
5.884128e-01
-7.168780e-02
1.341765e-02
7.414733e-01
-7.239228e-02
-8.028675e-02
5.137786e-01
3.311881e-02
-3.141515e-01
6.163901e-01
-3.897967e-02
-3.402225e-01
3.825232e-01
1.254089e-01
-1.429947e-01
2.490973e-01
2.107989e-01
-3.275832e-01
1.105530e-01
2.951833e-01
-5.397151e-01
-5.362112e-03
3.221952e-01
-4.692070e-01
-2.730091e-01
3.404518e-01
-1.988994e-01
-1.710131e-01
4.084031e-01
-1.344007e-01
-4.040298e-01
4.726987e-01
1.173523e-01
-3.660898e-01
4.250351e-01
8.136119e-02
-7.782408e-02
4.175420e-01
3.215431e-01
-4.326673e-02
3.798714e-01
5.794256e-01
-6.130248e-02
3.072477e-01
5.255431e-01
2.124141e-01
3.665491e-01
2.729445e-01
2.683015e-01
3.198529e-01
4.493803e-01
4.904387e-01
2.707610e-01
1.894099e-01
5.457168e-01
3.435104e-01
2.644259e-01
7.368155e-01
1.445078e-01
6.740273e-03
7.328707e-01
1.993361e-01
-2.410296e-01
7.556603e-01
1.856367e-01
-1.916194e-01
5.328044e-01
3.748276e-01
-4.835135e-01
5.525557e-01
2.937515e-01
-4.352840e-01
3.422991e-01
4.303980e-01
-2.148964e-01
2.436595e-01
5.654333e-01
-4.549093e-01
9.707378e-02
6.080417e-01
-3.905985e-01
-1.530223e-01
6.257882e-01
-1.336633e-01
-5.723689e-02
6.822412e-01
-2.662564e-02
-3.074261e-01
7.158404e-01
2.141374e-01
-2.191959e-01
6.624976e-01
4.078358e-01
-3.418367e-01
4.953116e-01
5.188168e-01
-1.060003e-01
6.019877e-01
3.285667e-01
1.529364e-01
6.267343e-01
