11	3.2e+07	3.204e+07	3949	0.44536	0.96883
11	3.204e+07	3.208e+07	6756	0.42643	0.81234
11	3.208e+07	3.212e+07	6014	0.50705	0.93223
11	3.212e+07	3.216e+07	7663	0.49797	0.98182
11	3.216e+07	3.22e+07	3518	0.46625	0.91818
11	3.22e+07	3.224e+07	5867	0.48909	0.9719
11	3.224e+07	3.228e+07	7699	0.48667	0.97636
11	3.228e+07	3.232e+07	7271	0.47266	0.98409
11	3.232e+07	3.236e+07	8086	0.4475	0.92086
11	3.236e+07	3.24e+07	7798	0.38763	0.95407
11	3.24e+07	3.244e+07	7224	0.43018	0.9539
11	3.244e+07	3.248e+07	6423	0.49769	0.96573
11	3.248e+07	3.252e+07	7528	0.50571	0.93766
11	3.252e+07	3.256e+07	4557	0.443	0.93091
11	3.256e+07	3.26e+07	5878	0.40411	0.98636
11	3.26e+07	3.264e+07	5753	0.42886	0.96116
11	3.264e+07	3.268e+07	5324	0.46675	0.92273
11	3.268e+07	3.272e+07	4364	0.48194	0.97273
11	3.272e+07	3.276e+07	6598	0.48212	0.95524
11	3.276e+07	3.28e+07	3703	0.48964	0.98442
11	3.28e+07	3.284e+07	6716	0.47375	0.87273
11	3.284e+07	3.288e+07	8660	0.48738	0.97864
11	3.288e+07	3.292e+07	6132	0.44583	0.93485
11	3.292e+07	3.296e+07	6144	0.44521	0.91894
11	3.296e+07	3.3e+07	6175	0.465	0.87348
11	3.3e+07	3.304e+07	7386	0.51017	0.97515
11	3.304e+07	3.308e+07	4147	0.455	0.90091
11	3.308e+07	3.312e+07	5828	0.48519	0.91469
11	3.312e+07	3.316e+07	6429	0.4375	0.99231
11	3.316e+07	3.32e+07	8680	0.41611	0.96919
11	3.32e+07	3.324e+07	7366	0.40083	0.93455
11	3.324e+07	3.328e+07	5457	0.39114	0.70579
11	3.328e+07	3.332e+07	9563	0.38225	0.81318
11	3.332e+07	3.336e+07	4918	0.39861	0.76768
11	3.336e+07	3.34e+07	7331	0.40517	0.90242
11	3.34e+07	3.344e+07	5305	0.418	0.92091
11	3.344e+07	3.348e+07	7134	0.44821	0.97273
11	3.348e+07	3.352e+07	8626	0.44417	0.92172
11	3.352e+07	3.356e+07	7622	0.42067	0.98121
11	3.356e+07	3.36e+07	5379	0.43114	0.9562
11	3.36e+07	3.364e+07	8083	0.47574	0.96631
11	3.364e+07	3.368e+07	5518	0.4615	0.97909
11	3.368e+07	3.372e+07	6931	0.47019	0.94126
11	3.372e+07	3.376e+07	6368	0.48981	0.99441
11	3.376e+07	3.38e+07	6728	0.40712	0.97762
11	3.38e+07	3.384e+07	6195	0.49292	0.97727
11	3.384e+07	3.388e+07	7036	0.46156	0.96477
11	3.388e+07	3.392e+07	4738	0.45472	0.87778
11	3.392e+07	3.396e+07	4021	0.43929	0.87403
11	3.396e+07	3.4e+07	4804	0.42925	0.98
11	3.4e+07	3.404e+07	6320	0.455	0.93831
11	3.404e+07	3.408e+07	7942	0.47766	0.98125
11	3.408e+07	3.412e+07	6908	0.45038	0.9951
11	3.412e+07	3.416e+07	6965	0.4665	0.96606
11	3.416e+07	3.42e+07	5723	0.4825	0.96777
11	3.42e+07	3.424e+07	8134	0.44882	0.97112
11	3.424e+07	3.428e+07	6041	0.44904	0.98531
11	3.428e+07	3.432e+07	6707	0.44596	0.9958
11	3.432e+07	3.436e+07	4305	0.42562	0.98977
11	3.436e+07	3.44e+07	7605	0.44588	0.99144
11	3.44e+07	3.444e+07	7039	0.45038	0.99231
11	3.448e+07	3.452e+07	1674	0.45	1
11	3.452e+07	3.456e+07	6536	0.43688	0.9697
11	3.456e+07	3.46e+07	6875	0.43661	0.82857
11	3.46e+07	3.464e+07	7937	0.41547	0.91534
11	3.464e+07	3.468e+07	6911	0.43661	0.89805
11	3.468e+07	3.472e+07	6894	0.41297	0.96364
11	3.472e+07	3.476e+07	4983	0.39773	0.83967
11	3.476e+07	3.48e+07	8117	0.40236	0.8298
11	3.48e+07	3.484e+07	5086	0.43075	0.84273
11	3.484e+07	3.488e+07	7527	0.41661	0.9526
11	3.488e+07	3.492e+07	7191	0.44219	0.94602
11	3.492e+07	3.496e+07	7616	0.4705	0.99697
11	3.496e+07	3.5e+07	3518	0.48208	0.99848
11	3.5e+07	3.504e+07	6337	0.43292	0.90985
11	3.504e+07	3.508e+07	8045	0.46667	0.98606
11	3.508e+07	3.512e+07	4692	0.44778	0.97475
11	3.512e+07	3.516e+07	6010	0.4475	0.97902
11	3.516e+07	3.52e+07	9665	0.44841	0.9719
11	3.52e+07	3.524e+07	4934	0.466	0.97
11	3.524e+07	3.528e+07	7488	0.45933	0.95758
11	3.528e+07	3.532e+07	5530	0.45225	0.98818
11	3.532e+07	3.536e+07	6137	0.43938	0.99924
11	3.536e+07	3.54e+07	6033	0.46068	0.97355
11	3.54e+07	3.544e+07	5292	0.48659	0.97769
11	3.544e+07	3.548e+07	6483	0.48083	0.97955
11	3.548e+07	3.552e+07	6946	0.46692	0.96853
11	3.552e+07	3.556e+07	6136	0.47646	0.90985
11	3.556e+07	3.56e+07	4944	0.43861	0.88788
11	3.56e+07	3.564e+07	6760	0.44308	0.96154
11	3.564e+07	3.568e+07	4092	0.46594	0.99318
11	3.568e+07	3.572e+07	8343	0.48944	0.95404
11	3.572e+07	3.576e+07	6901	0.45071	0.97597
11	3.576e+07	3.58e+07	8381	0.49925	0.97227
11	3.58e+07	3.584e+07	6680	0.48288	0.98042
11	3.584e+07	3.588e+07	6345	0.47096	0.97692
11	3.588e+07	3.592e+07	6954	0.46518	0.92987
11	3.592e+07	3.596e+07	6605	0.46846	0.98671
11	3.596e+07	3.6e+07	5519	0.415	0.98409
11	3.6e+07	3.604e+07	8837	0.43789	0.9689
11	3.604e+07	3.608e+07	6137	0.44958	0.98485
11	3.608e+07	3.612e+07	5996	0.43318	0.98264
11	3.612e+07	3.616e+07	8122	0.43162	0.98182
11	3.616e+07	3.62e+07	6573	0.42732	0.9013
11	3.62e+07	3.624e+07	5554	0.43773	0.99917
11	3.624e+07	3.628e+07	6271	0.44769	0.97552
11	3.628e+07	3.632e+07	6835	0.41196	0.98766
11	3.632e+07	3.636e+07	8045	0.442	0.99515
11	3.636e+07	3.64e+07	7687	0.40383	0.99515
11	3.64e+07	3.644e+07	6982	0.37231	0.97832
11	3.644e+07	3.648e+07	9425	0.38028	0.9798
11	3.648e+07	3.652e+07	7427	0.41446	0.98442
11	3.652e+07	3.656e+07	4389	0.40687	0.9875
11	3.656e+07	3.66e+07	5760	0.38429	0.98247
11	3.66e+07	3.664e+07	6868	0.355	0.92403
11	3.664e+07	3.668e+07	5869	0.37333	0.98333
11	3.668e+07	3.672e+07	8539	0.39529	0.98984
11	3.672e+07	3.676e+07	8055	0.38912	0.9893
11	3.676e+07	3.68e+07	5683	0.40318	0.89835
11	3.68e+07	3.684e+07	8162	0.39403	0.98889
11	3.684e+07	3.688e+07	7456	0.39283	0.98727
11	3.688e+07	3.692e+07	8000	0.38794	0.99412
11	3.692e+07	3.696e+07	6541	0.40596	0.99371
11	3.696e+07	3.7e+07	10847	0.38182	0.95413
11	3.7e+07	3.704e+07	10388	0.37141	0.95257
11	3.704e+07	3.708e+07	11044	0.3875	0.86655
11	3.708e+07	3.712e+07	7889	0.35133	0.85515
11	3.712e+07	3.716e+07	6332	0.38596	0.85105
11	3.716e+07	3.72e+07	6033	0.37886	0.90826
11	3.72e+07	3.724e+07	6190	0.37708	0.96061
11	3.724e+07	3.728e+07	9451	0.38438	0.985
11	3.728e+07	3.732e+07	7138	0.38783	0.94303
11	3.732e+07	3.736e+07	7759	0.38406	0.74659
11	3.736e+07	3.74e+07	9286	0.36882	0.92392
11	3.74e+07	3.744e+07	5661	0.34591	0.96777
11	3.744e+07	3.748e+07	5652	0.37409	0.69504
11	3.748e+07	3.752e+07	8664	0.37044	0.85936
11	3.752e+07	3.756e+07	6774	0.40018	0.86364
11	3.756e+07	3.76e+07	5190	0.34425	0.85182
11	3.76e+07	3.764e+07	6336	0.35268	0.90779
11	3.764e+07	3.768e+07	6871	0.37846	0.94266
11	3.768e+07	3.772e+07	4021	0.34464	0.92208
11	3.772e+07	3.776e+07	5550	0.39437	0.91212
11	3.776e+07	3.78e+07	5487	0.40227	0.96777
11	3.78e+07	3.784e+07	6414	0.39875	0.78788
11	3.784e+07	3.788e+07	4021	0.37321	0.93247
11	3.788e+07	3.792e+07	6125	0.37604	0.84091
11	3.792e+07	3.796e+07	7266	0.41813	0.98295
11	3.796e+07	3.8e+07	4446	0.37188	0.75455
11	3.8e+07	3.804e+07	6316	0.37729	0.76061
11	3.804e+07	3.808e+07	10773	0.36011	0.82273
11	3.808e+07	3.812e+07	4573	0.37425	0.86727
11	3.812e+07	3.816e+07	8458	0.36333	0.97879
11	3.816e+07	3.82e+07	7706	0.37933	0.93697
11	3.82e+07	3.824e+07	5027	0.37556	0.96768
11	3.824e+07	3.828e+07	8071	0.35125	0.92386
11	3.828e+07	3.832e+07	5709	0.39864	0.86198
11	3.832e+07	3.836e+07	7716	0.3665	0.97636
11	3.836e+07	3.84e+07	5835	0.36519	0.98462
11	3.84e+07	3.844e+07	7117	0.35482	0.95065
11	3.844e+07	3.848e+07	5921	0.38273	0.76364
11	3.848e+07	3.852e+07	6998	0.35732	0.88442
11	3.852e+07	3.856e+07	6896	0.34017	0.96848
11	3.856e+07	3.86e+07	6454	0.35893	0.9961
11	3.86e+07	3.864e+07	7181	0.37964	0.9474
11	3.864e+07	3.868e+07	5556	0.3475	0.95702
11	3.868e+07	3.872e+07	5530	0.38075	0.80364
11	3.872e+07	3.876e+07	6563	0.36942	0.98671
11	3.876e+07	3.88e+07	4021	0.35036	0.84935
11	3.88e+07	3.884e+07	9217	0.35711	0.76029
11	3.884e+07	3.888e+07	4021	0.37393	0.88831
11	3.888e+07	3.892e+07	5672	0.33313	0.96515
11	3.892e+07	3.896e+07	6900	0.357	0.93758
11	3.896e+07	3.9e+07	7350	0.34429	0.88442
11	3.9e+07	3.904e+07	5965	0.37795	0.71322
11	3.904e+07	3.908e+07	6377	0.35232	0.76364
11	3.908e+07	3.912e+07	6718	0.38393	0.90584
11	3.912e+07	3.916e+07	6793	0.35962	0.81538
11	3.916e+07	3.92e+07	4475	0.36639	0.92929
11	3.92e+07	3.924e+07	4132	0.35972	0.98283
11	3.924e+07	3.928e+07	10099	0.376	0.85909
11	3.928e+07	3.932e+07	5057	0.37625	0.67182
11	3.932e+07	3.936e+07	6025	0.34208	0.93258
11	3.936e+07	3.94e+07	9468	0.35083	0.96364
11	3.94e+07	3.944e+07	9367	0.36662	0.96727
11	3.944e+07	3.948e+07	4021	0.39071	0.91558
11	3.948e+07	3.952e+07	5508	0.37725	0.85273
11	3.952e+07	3.956e+07	6696	0.35661	0.96558
11	3.956e+07	3.96e+07	6956	0.37662	0.9893
11	3.96e+07	3.964e+07	5048	0.38136	0.58843
11	3.964e+07	3.968e+07	5027	0.35389	0.77475
11	3.968e+07	3.972e+07	4302	0.35875	0.94545
11	3.972e+07	3.976e+07	7653	0.36567	0.92121
11	3.976e+07	3.98e+07	7117	0.36304	0.79156
11	3.98e+07	3.984e+07	4412	0.36562	0.76705
11	3.984e+07	3.988e+07	6536	0.39729	0.69015
11	3.988e+07	3.992e+07	4709	0.41778	0.81414
11	3.992e+07	3.996e+07	5781	0.38875	0.72727
11	3.996e+07	4e+07	7932	0.38667	0.77212
11	4e+07	4.004e+07	6074	0.37827	0.91958
11	4.004e+07	4.008e+07	5976	0.37614	0.73058
11	4.008e+07	4.012e+07	4475	0.39194	0.84444
11	4.012e+07	4.016e+07	5490	0.41687	0.75227
11	4.016e+07	4.02e+07	6160	0.34696	0.93377
11	4.02e+07	4.024e+07	6250	0.39192	0.82797
11	4.024e+07	4.028e+07	8079	0.375	0.97818
11	4.028e+07	4.032e+07	6343	0.38596	0.97273
11	4.032e+07	4.036e+07	5474	0.38205	0.95537
11	4.036e+07	4.04e+07	5836	0.40227	0.94959
11	4.04e+07	4.044e+07	5223	0.4045	0.97
11	4.044e+07	4.048e+07	6262	0.40146	0.4697
11	4.048e+07	4.052e+07	8551	0.42403	0.89646
11	4.052e+07	4.056e+07	7167	0.39117	0.93636
11	4.056e+07	4.06e+07	7671	0.39125	0.89034
11	4.06e+07	4.064e+07	5586	0.4125	0.48512
11	4.064e+07	4.068e+07	7666	0.40328	0.63864
11	4.068e+07	4.072e+07	5327	0.4065	0.85818
11	4.072e+07	4.076e+07	3713	0.38312	0.78295
11	4.076e+07	4.08e+07	6108	0.39192	0.76503
11	4.08e+07	4.084e+07	5222	0.3785	0.65364
11	4.084e+07	4.088e+07	8185	0.37562	0.94034
11	4.088e+07	4.092e+07	3943	0.38679	0.28442
11	4.092e+07	4.096e+07	5523	0.37114	0.6314
11	4.096e+07	4.1e+07	6237	0.38442	0.92937
11	4.1e+07	4.104e+07	8991	0.38079	0.86124
11	4.104e+07	4.108e+07	9574	0.36675	0.97682
11	4.108e+07	4.112e+07	4645	0.37611	0.87475
11	4.112e+07	4.116e+07	8269	0.33809	0.96791
11	4.116e+07	4.12e+07	8565	0.37667	0.81717
11	4.12e+07	4.124e+07	6625	0.36804	0.87597
11	4.124e+07	4.128e+07	6671	0.36339	0.93117
11	4.128e+07	4.132e+07	6536	0.37312	0.94167
11	4.132e+07	4.136e+07	8310	0.37971	0.83155
11	4.136e+07	4.14e+07	5925	0.35458	0.69167
11	4.14e+07	4.144e+07	7919	0.381	0.8497
11	4.144e+07	4.148e+07	8453	0.39264	0.93232
11	4.148e+07	4.152e+07	6509	0.39635	0.71888
11	4.152e+07	4.156e+07	4524	0.37469	0.89318
11	4.156e+07	4.16e+07	5666	0.38182	0.77107
11	4.16e+07	4.164e+07	6613	0.36839	0.96818
11	4.164e+07	4.168e+07	9328	0.37125	0.91636
11	4.168e+07	4.172e+07	6255	0.39062	0.67197
11	4.172e+07	4.176e+07	6033	0.36432	0.96694
11	4.176e+07	4.18e+07	5649	0.35636	0.94876
11	4.18e+07	4.184e+07	8374	0.35824	0.76791
11	4.184e+07	4.188e+07	6372	0.3525	0.74924
11	4.188e+07	4.192e+07	8118	0.37456	0.76952
11	4.192e+07	4.196e+07	6723	0.34673	0.95874
11	4.196e+07	4.2e+07	7053	0.36875	0.96494
11	4.2e+07	4.204e+07	5844	0.38396	0.93485
11	4.204e+07	4.208e+07	6556	0.36962	0.97483
11	4.208e+07	4.212e+07	6033	0.34727	0.90909
11	4.212e+07	4.216e+07	9141	0.37895	0.87703
11	4.216e+07	4.22e+07	4619	0.35475	0.93273
11	4.22e+07	4.224e+07	9676	0.34925	0.96273
11	4.224e+07	4.228e+07	5530	0.36175	0.97182
11	4.228e+07	4.232e+07	5839	0.39409	0.95537
11	4.232e+07	4.236e+07	9727	0.37619	0.971
11	4.236e+07	4.24e+07	6682	0.36643	0.98506
11	4.24e+07	4.244e+07	7138	0.36321	0.98766
11	4.244e+07	4.248e+07	6078	0.36583	0.95152
11	4.248e+07	4.252e+07	5530	0.369	0.79727
11	4.252e+07	4.256e+07	8019	0.38206	0.77273
11	4.256e+07	4.26e+07	7043	0.40383	0.87152
11	4.26e+07	4.264e+07	6557	0.37143	0.92727
11	4.264e+07	4.268e+07	5586	0.41229	0.91364
11	4.268e+07	4.272e+07	4763	0.40056	0.78788
11	4.272e+07	4.276e+07	7583	0.38333	0.73394
11	4.276e+07	4.28e+07	7262	0.417	0.77818
11	4.28e+07	4.284e+07	5418	0.4105	0.81091
11	4.284e+07	4.288e+07	9043	0.39825	0.97409
11	4.288e+07	4.292e+07	7318	0.425	0.91872
11	4.292e+07	4.296e+07	7405	0.39375	0.93864
11	4.296e+07	4.3e+07	5530	0.4185	0.92545
11	4.3e+07	4.304e+07	8268	0.43672	0.95455
11	4.304e+07	4.308e+07	10249	0.41012	0.96407
11	4.308e+07	4.312e+07	4740	0.41889	0.86061
11	4.312e+07	4.316e+07	6483	0.43232	0.86039
11	4.316e+07	4.32e+07	5457	0.45045	0.95455
11	4.32e+07	4.324e+07	6634	0.42625	0.95909
11	4.324e+07	4.328e+07	4440	0.42325	0.77727
11	4.328e+07	4.332e+07	3518	0.43417	0.91818
11	4.332e+07	4.336e+07	5470	0.46386	0.95537
11	4.336e+07	4.34e+07	5170	0.46075	0.93
11	4.34e+07	4.344e+07	4268	0.47844	0.94432
11	4.344e+07	4.348e+07	3106	0.47714	0.81299
11	4.348e+07	4.352e+07	7479	0.41617	0.99333
11	4.352e+07	4.356e+07	11976	0.42173	0.9521
11	4.356e+07	4.36e+07	6536	0.44104	0.93712
11	4.36e+07	4.364e+07	4936	0.4055	0.97364
11	4.364e+07	4.368e+07	5843	0.46955	0.97438
11	4.368e+07	4.372e+07	7688	0.43567	0.99152
11	4.372e+07	4.376e+07	10015	0.45	0.98268
11	4.376e+07	4.38e+07	5220	0.4015	0.99727
11	4.38e+07	4.384e+07	8281	0.43719	0.99205
11	4.384e+07	4.388e+07	5530	0.39025	0.98909
11	4.388e+07	4.392e+07	5263	0.405	0.92455
11	4.392e+07	4.396e+07	4524	0.40063	0.98182
11	4.396e+07	4.4e+07	5782	0.40023	0.95289
11	4.4e+07	4.404e+07	9828	0.42738	0.97955
11	4.404e+07	4.408e+07	7927	0.44264	0.99141
11	4.408e+07	4.412e+07	4021	0.42821	0.97013
11	4.412e+07	4.416e+07	6454	0.43354	0.82879
11	4.416e+07	4.42e+07	7661	0.44656	0.72784
11	4.42e+07	4.424e+07	7123	0.41982	0.91234
11	4.424e+07	4.428e+07	9925	0.40976	0.88701
11	4.428e+07	4.432e+07	4406	0.41528	0.95556
11	4.432e+07	4.436e+07	5462	0.41682	0.95868
11	4.436e+07	4.44e+07	12398	0.42638	0.93072
11	4.44e+07	4.444e+07	5027	0.44139	0.99394
11	4.444e+07	4.448e+07	6519	0.42173	0.97972
11	4.448e+07	4.452e+07	7998	0.43838	0.97968
11	4.452e+07	4.456e+07	5079	0.37841	0.99256
11	4.456e+07	4.46e+07	7398	0.451	0.98909
11	4.46e+07	4.464e+07	9717	0.43618	0.97512
11	4.464e+07	4.468e+07	5728	0.44058	0.99091
11	4.468e+07	4.472e+07	6236	0.41519	0.9958
11	4.472e+07	4.476e+07	7776	0.41	0.95576
11	4.476e+07	4.48e+07	7423	0.43633	0.9897
11	4.48e+07	4.484e+07	9264	0.42355	0.98995
11	4.484e+07	4.488e+07	5077	0.41318	0.84959
11	4.488e+07	4.492e+07	5354	0.39019	0.8993
11	4.492e+07	4.496e+07	7005	0.41196	0.83506
11	4.496e+07	4.5e+07	6194	0.41804	0.95
11	4.5e+07	4.504e+07	8373	0.41456	0.95989
11	4.504e+07	4.508e+07	6682	0.43304	0.99221
11	4.508e+07	4.512e+07	7457	0.42721	0.91123
11	4.512e+07	4.516e+07	8387	0.41324	0.94759
11	4.516e+07	4.52e+07	6028	0.3825	0.87025
11	4.52e+07	4.524e+07	7337	0.43438	0.91193
11	4.524e+07	4.528e+07	6199	0.42938	0.95303
11	4.528e+07	4.532e+07	6011	0.42409	0.96777
11	4.532e+07	4.536e+07	7459	0.44433	0.94727
11	4.536e+07	4.54e+07	8749	0.42461	0.94306
11	4.54e+07	4.544e+07	4837	0.41763	0.40574
11	4.544e+07	4.548e+07	5705	0.42261	0.83004
11	4.548e+07	4.552e+07	6724	0.45089	0.90455
11	4.552e+07	4.556e+07	4524	0.42781	0.80455
11	4.556e+07	4.56e+07	7250	0.422	0.78848
11	4.56e+07	4.564e+07	9350	0.46097	0.9798
11	4.564e+07	4.568e+07	5065	0.42773	0.91901
11	4.568e+07	4.572e+07	7086	0.41571	0.96948
11	4.572e+07	4.576e+07	5710	0.47841	0.97851
11	4.576e+07	4.58e+07	4450	0.40583	0.92525
11	4.58e+07	4.584e+07	5027	0.39667	0.77677
11	4.584e+07	4.588e+07	4992	0.45139	0.92525
11	4.588e+07	4.592e+07	6033	0.44727	0.93058
11	4.592e+07	4.596e+07	6974	0.47	0.96591
11	4.596e+07	4.6e+07	4302	0.42889	0.93535
11	4.6e+07	4.604e+07	7277	0.46567	0.91758
11	4.604e+07	4.608e+07	5833	0.46227	0.93388
11	4.608e+07	4.612e+07	5038	0.46225	0.98545
11	4.612e+07	4.616e+07	5303	0.469	0.98818
11	4.616e+07	4.62e+07	5485	0.42775	0.98182
11	4.62e+07	4.624e+07	7100	0.4455	0.96182
11	4.624e+07	4.628e+07	5027	0.41778	0.90909
11	4.628e+07	4.632e+07	5017	0.41583	0.72828
11	4.632e+07	4.636e+07	3909	0.43393	0.69481
11	4.636e+07	4.64e+07	2018	0.44312	0.84545
11	4.64e+07	4.644e+07	5536	0.40568	0.82314
11	4.644e+07	4.648e+07	5449	0.41725	0.89273
11	4.648e+07	4.652e+07	6442	0.44292	0.83258
11	4.652e+07	4.656e+07	6450	0.42173	0.68182
11	4.656e+07	4.66e+07	3529	0.42071	0.78961
11	4.66e+07	4.664e+07	5566	0.40958	0.97045
11	4.664e+07	4.668e+07	4589	0.41167	0.95152
11	4.668e+07	4.672e+07	6719	0.395	0.89939
11	4.672e+07	4.676e+07	5832	0.41687	0.81667
11	4.676e+07	4.68e+07	8138	0.39971	0.87968
11	4.68e+07	4.684e+07	8261	0.40279	0.86096
11	4.684e+07	4.688e+07	9881	0.3805	0.79682
11	4.688e+07	4.692e+07	7495	0.40234	0.95966
11	4.692e+07	4.696e+07	7657	0.41617	0.92727
11	4.696e+07	4.7e+07	6133	0.39982	0.83831
11	4.7e+07	4.704e+07	8657	0.41853	0.94866
11	4.704e+07	4.708e+07	8521	0.40691	0.97326
11	4.708e+07	4.712e+07	8066	0.41853	0.89412
11	4.712e+07	4.716e+07	8283	0.38653	0.98232
11	4.716e+07	4.72e+07	5236	0.415	0.87455
11	4.72e+07	4.724e+07	4457	0.43475	0.30727
11	4.724e+07	4.728e+07	4654	0.3785	0.79818
11	4.728e+07	4.732e+07	6773	0.36982	0.77532
11	4.732e+07	4.736e+07	9729	0.394	0.85955
11	4.736e+07	4.74e+07	2512	0.38688	0.98409
11	4.74e+07	4.744e+07	6054	0.405	0.78182
11	4.744e+07	4.748e+07	8006	0.39162	0.93316
11	4.748e+07	4.752e+07	7239	0.42321	0.84805
11	4.752e+07	4.756e+07	6597	0.38533	0.68545
11	4.756e+07	4.76e+07	5043	0.36812	0.73182
11	4.76e+07	4.764e+07	6406	0.40538	0.9049
11	4.764e+07	4.768e+07	8196	0.41118	0.64545
11	4.768e+07	4.772e+07	3509	0.37571	0.97403
11	4.772e+07	4.776e+07	4591	0.37611	0.95051
11	4.776e+07	4.78e+07	5939	0.40519	0.93287
11	4.78e+07	4.784e+07	9858	0.40118	0.79282
11	4.784e+07	4.788e+07	5530	0.42075	0.96909
11	4.788e+07	4.792e+07	4871	0.40556	0.99293
11	4.792e+07	4.796e+07	5676	0.38481	0.7958
11	4.796e+07	4.8e+07	6231	0.39596	0.98951
11	4.8e+07	4.804e+07	7753	0.39926	0.78984
11	4.804e+07	4.808e+07	7409	0.393	0.76303
11	4.808e+07	4.812e+07	6879	0.36808	0.92378
11	4.812e+07	4.816e+07	4190	0.43438	0.53295
11	4.816e+07	4.82e+07	4568	0.42525	0.83091
11	4.82e+07	4.824e+07	7161	0.40125	0.90584
11	4.824e+07	4.828e+07	7214	0.40687	0.91705
11	4.828e+07	4.832e+07	6536	0.42625	0.72197
11	4.832e+07	4.836e+07	8460	0.43833	0.62778
11	4.836e+07	4.84e+07	8281	0.45279	0.94332
11	4.84e+07	4.844e+07	7464	0.40125	0.98125
11	4.844e+07	4.848e+07	6109	0.41208	0.74621
11	4.848e+07	4.852e+07	7274	0.4235	0.87152
11	4.852e+07	4.856e+07	4883	0.41806	0.58788
11	4.856e+07	4.86e+07	7873	0.4525	0.84646
11	4.86e+07	4.864e+07	8949	0.43792	0.89545
11	4.864e+07	4.868e+07	5728	0.46409	0.95785
11	4.868e+07	4.872e+07	5530	0.44775	0.78364
11	4.872e+07	4.876e+07	6872	0.4375	0.45455
11	4.876e+07	4.88e+07	6346	0.41979	0.042424
11	4.88e+07	4.884e+07	6561	0.42808	0.30979
11	4.884e+07	4.888e+07	7855	0.42567	0.068485
11	4.888e+07	4.892e+07	6378	0.42192	0.98182
11	4.892e+07	4.896e+07	7757	0.41471	0.90802
11	4.896e+07	4.9e+07	5340	0.42705	0.97438
11	4.9e+07	4.904e+07	8525	0.4075	0.9733
11	4.904e+07	4.908e+07	6536	0.44646	0.99318
11	4.908e+07	4.912e+07	5619	0.40854	0.83485
11	4.912e+07	4.916e+07	5255	0.39375	0.91818
11	4.916e+07	4.92e+07	8433	0.39844	0.40455
11	4.92e+07	4.924e+07	7794	0.37471	0.65722
11	4.924e+07	4.928e+07	7102	0.38446	0.61234
11	4.928e+07	4.932e+07	9979	0.40524	0.571
11	4.932e+07	4.936e+07	4524	0.38406	0.82159
11	4.936e+07	4.94e+07	5661	0.44886	0.51074
11	4.94e+07	4.944e+07	6033	0.45318	0.57438
11	4.944e+07	4.948e+07	6954	0.50017	0.96242
11	4.948e+07	4.952e+07	7350	0.41763	0.955
11	4.952e+07	4.956e+07	6787	0.42946	0.95325
11	4.956e+07	4.96e+07	6791	0.45982	0.94156
11	4.96e+07	4.964e+07	4021	0.47107	0.98312
11	4.964e+07	4.968e+07	6614	0.41808	0.96364
11	4.968e+07	4.972e+07	2512	0.48125	1
11	4.972e+07	4.976e+07	8830	0.45639	0.87374
11	4.976e+07	4.98e+07	4524	0.49094	0.97841
11	4.98e+07	4.984e+07	5027	0.46139	0.99293
11	4.984e+07	4.988e+07	2974	0.383	0.95091
11	4.988e+07	4.992e+07	6291	0.41346	0.98881
11	4.992e+07	4.996e+07	5284	0.4695	0.95
11	4.996e+07	5e+07	5530	0.52225	0.95364
11	5e+07	5.004e+07	3216	0.49208	0.83788
11	5.004e+07	5.008e+07	3015	0.533	1
11	5.008e+07	5.012e+07	8648	0.43074	0.9631
11	5.012e+07	5.016e+07	8335	0.40181	0.91768
11	5.016e+07	5.02e+07	5706	0.42292	0.95227
11	5.02e+07	5.024e+07	5563	0.50045	0.93967
11	5.024e+07	5.028e+07	5095	0.4635	0.81909
11	5.028e+07	5.032e+07	7119	0.43683	0.89697
11	5.032e+07	5.036e+07	6520	0.47708	0.98258
11	5.036e+07	5.04e+07	4272	0.45906	0.97045
11	5.04e+07	5.044e+07	7185	0.50482	0.96753
11	5.044e+07	5.048e+07	6076	0.46208	0.97727
11	5.048e+07	5.052e+07	7597	0.4875	0.98303
11	5.052e+07	5.056e+07	6198	0.47813	0.98182
11	5.056e+07	5.06e+07	4303	0.48844	0.99659
11	5.06e+07	5.064e+07	6620	0.47942	0.9951
11	5.064e+07	5.068e+07	6184	0.45571	0.94156
11	5.068e+07	5.072e+07	10795	0.44804	0.93162
11	5.072e+07	5.076e+07	6960	0.45533	0.97091
11	5.076e+07	5.08e+07	5875	0.48705	0.99421
11	5.08e+07	5.084e+07	5691	0.44932	0.87438
11	5.084e+07	5.088e+07	4962	0.444	0.80273
11	5.088e+07	5.092e+07	5534	0.46568	0.97438
11	5.092e+07	5.096e+07	7167	0.40357	0.55584
11	5.096e+07	5.1e+07	7697	0.44083	0.51333
11	5.1e+07	5.104e+07	5157	0.44659	0.91322
11	5.104e+07	5.108e+07	6773	0.43089	0.96169
11	5.108e+07	5.112e+07	6615	0.44482	0.97792
11	5.112e+07	5.116e+07	6033	0.45545	0.97934
11	5.116e+07	5.12e+07	6207	0.47769	0.85175
11	5.12e+07	5.124e+07	6546	0.43885	0.98392
11	5.124e+07	5.128e+07	4937	0.49111	0.86667
11	5.128e+07	5.132e+07	4934	0.49333	0.96768
11	5.132e+07	5.136e+07	3934	0.47679	0.96883
11	5.136e+07	5.14e+07	6192	0.505	0.97832
11	5.14e+07	5.144e+07	5906	0.46687	0.93864
11	5.144e+07	5.148e+07	4918	0.50722	0.78788
11	5.148e+07	5.152e+07	6536	0.43917	0.84015
11	5.152e+07	5.156e+07	6774	0.42036	0.9461
11	5.156e+07	5.16e+07	5001	0.4125	0.96
11	5.16e+07	5.164e+07	6392	0.47942	0.92867
11	5.164e+07	5.168e+07	8071	0.49984	0.98466
11	5.168e+07	5.172e+07	3035	0.50333	0.95758
11	5.172e+07	5.176e+07	4229	0.49719	0.95
11	5.176e+07	5.18e+07	7116	0.46964	0.96688
11	5.18e+07	5.184e+07	4142	0.41778	0.96364
11	5.184e+07	5.188e+07	5802	0.44679	0.92727
11	5.188e+07	5.192e+07	2009	0.45833	0.98485
11	5.192e+07	5.196e+07	4915	0.41333	0.75253
11	5.196e+07	5.2e+07	6536	0.40875	0.45606
11	5.2e+07	5.204e+07	5027	0.44306	0.47273
11	5.204e+07	5.208e+07	6616	0.46	0.93571
11	5.208e+07	5.212e+07	3571	0.53179	0.9987
11	5.212e+07	5.216e+07	6335	0.51019	0.95385
11	5.216e+07	5.22e+07	3015	0.4805	0.91636
11	5.22e+07	5.224e+07	7092	0.46625	0.90779
11	5.224e+07	5.228e+07	4790	0.5015	0.93545
11	5.228e+07	5.232e+07	5027	0.44833	0.5101
11	5.232e+07	5.236e+07	7221	0.47083	0.96818
11	5.236e+07	5.24e+07	7077	0.47804	0.94286
11	5.24e+07	5.244e+07	4215	0.46075	0.96182
11	5.244e+07	5.248e+07	7160	0.47658	0.96411
11	5.248e+07	5.252e+07	2512	0.48125	0.96818
11	5.252e+07	5.256e+07	7094	0.44214	0.97922
11	5.256e+07	5.26e+07	5027	0.46833	0.95455
11	5.26e+07	5.264e+07	7029	0.43607	0.98377
11	5.264e+07	5.268e+07	5662	0.45727	0.97851
11	5.268e+07	5.272e+07	6743	0.472	0.97273
11	5.272e+07	5.276e+07	7399	0.49706	0.97273
11	5.276e+07	5.28e+07	4973	0.42667	0.98081
11	5.28e+07	5.284e+07	5880	0.49083	0.97955
11	5.284e+07	5.288e+07	7522	0.47196	0.98766
11	5.288e+07	5.292e+07	6059	0.47437	0.99091
11	5.292e+07	5.296e+07	2512	0.4825	0.94318
11	5.296e+07	5.3e+07	5060	0.44442	0.93357
11	5.3e+07	5.304e+07	6145	0.43521	0.8697
11	5.304e+07	5.308e+07	7125	0.44891	0.92216
11	5.308e+07	5.312e+07	4021	0.4225	0.94675
11	5.312e+07	5.316e+07	5446	0.43864	0.93802
11	5.316e+07	5.32e+07	4055	0.39056	0.96364
11	5.32e+07	5.324e+07	4757	0.38611	0.88182
11	5.324e+07	5.328e+07	4143	0.45687	0.90568
11	5.328e+07	5.332e+07	5182	0.448	0.95727
11	5.332e+07	5.336e+07	5774	0.48773	0.97355
11	5.336e+07	5.34e+07	4239	0.45625	0.65341
11	5.34e+07	5.344e+07	6084	0.45021	0.95379
11	5.344e+07	5.348e+07	6608	0.47269	0.95175
11	5.348e+07	5.352e+07	6312	0.4225	0.78409
11	5.352e+07	5.356e+07	5195	0.44575	0.92909
11	5.356e+07	5.36e+07	4588	0.51194	0.94444
11	5.36e+07	5.364e+07	4547	0.49864	0.99008
11	5.364e+07	5.368e+07	5530	0.44325	0.82909
11	5.368e+07	5.372e+07	6181	0.40788	0.82238
11	5.372e+07	5.376e+07	5530	0.4375	0.84273
11	5.376e+07	5.38e+07	5669	0.43636	0.81405
11	5.38e+07	5.384e+07	5970	0.46063	0.91894
11	5.384e+07	5.388e+07	6265	0.49327	0.79441
11	5.388e+07	5.392e+07	7969	0.48367	0.92182
11	5.392e+07	5.396e+07	7477	0.47696	0.93117
11	5.396e+07	5.4e+07	6719	0.43058	0.95105
11	5.4e+07	5.404e+07	6392	0.41196	0.95
11	5.404e+07	5.408e+07	5602	0.44182	0.98017
11	5.408e+07	5.412e+07	7576	0.45167	0.90364
11	5.412e+07	5.416e+07	2404	0.49375	1
11	5.416e+07	5.42e+07	4021	0.42964	0.80909
11	5.42e+07	5.424e+07	5034	0.40625	0.86455
11	5.424e+07	5.428e+07	5841	0.36896	0.98561
11	5.428e+07	5.432e+07	8100	0.36556	0.95354
11	5.432e+07	5.436e+07	8634	0.38569	0.9798
11	5.436e+07	5.44e+07	5027	0.37944	0.86061
11	5.44e+07	5.444e+07	9126	0.36842	0.911
11	5.444e+07	5.448e+07	6803	0.37607	0.97273
11	5.448e+07	5.452e+07	4021	0.39071	0.92468
11	5.452e+07	5.456e+07	6033	0.43795	0.94711
11	5.456e+07	5.46e+07	2621	0.3725	0.98364
11	5.46e+07	5.464e+07	3518	0.505	0.97727
11	5.464e+07	5.468e+07	4021	0.46	0.9013
11	5.468e+07	5.472e+07	9540	0.47105	0.94354
11	5.472e+07	5.476e+07	5241	0.5155	0.98364
11	5.476e+07	5.48e+07	4366	0.45969	0.8875
11	5.48e+07	5.484e+07	5752	0.48909	0.9843
11	5.484e+07	5.488e+07	4607	0.47825	0.96455
11	5.488e+07	5.492e+07	6119	0.48812	0.98258
11	5.492e+07	5.496e+07	4524	0.45594	0.95682
11	5.496e+07	5.5e+07	6592	0.46	0.96623
11	5.5e+07	5.504e+07	6810	0.48125	0.95974
11	5.504e+07	5.508e+07	6859	0.47929	0.81299
11	5.508e+07	5.512e+07	5661	0.455	0.9876
11	5.512e+07	5.516e+07	4397	0.48719	0.96023
11	5.516e+07	5.52e+07	6371	0.51481	0.92657
11	5.52e+07	5.524e+07	6089	0.48635	0.97133
11	5.524e+07	5.528e+07	4021	0.48179	0.93766
11	5.528e+07	5.532e+07	3150	0.44679	0.89481
11	5.532e+07	5.536e+07	7064	0.47203	0.95739
11	5.536e+07	5.54e+07	5027	0.44028	0.90404
11	5.54e+07	5.544e+07	9058	0.46553	0.97368
11	5.544e+07	5.548e+07	9526	0.44825	0.88909
11	5.548e+07	5.552e+07	6967	0.41047	0.9017
11	5.552e+07	5.556e+07	6899	0.43269	0.9021
11	5.556e+07	5.56e+07	7428	0.41696	0.94545
11	5.56e+07	5.564e+07	3399	0.43821	1
11	5.564e+07	5.568e+07	5154	0.42975	0.78727
11	5.568e+07	5.572e+07	9085	0.415	0.92828
11	5.572e+07	5.576e+07	7897	0.4225	0.97614
11	5.576e+07	5.58e+07	5417	0.45075	0.77364
11	5.58e+07	5.584e+07	5360	0.44977	0.97934
11	5.584e+07	5.588e+07	6995	0.43033	0.95636
11	5.588e+07	5.592e+07	6033	0.44386	0.98512
11	5.592e+07	5.596e+07	6174	0.45192	0.95664
11	5.596e+07	5.6e+07	4282	0.42438	0.77386
11	5.6e+07	5.604e+07	4524	0.40719	0.75909
11	5.604e+07	5.608e+07	6850	0.42327	0.89161
11	5.608e+07	5.612e+07	9278	0.44263	0.86507
11	5.612e+07	5.616e+07	6424	0.42021	0.81742
11	5.616e+07	5.62e+07	6310	0.41687	0.98409
11	5.62e+07	5.624e+07	6780	0.39615	0.89231
11	5.624e+07	5.628e+07	6398	0.38923	0.73217
11	5.628e+07	5.632e+07	7542	0.39893	0.85
11	5.632e+07	5.636e+07	7346	0.40304	0.98312
11	5.636e+07	5.64e+07	4370	0.39056	0.93838
11	5.64e+07	5.644e+07	5513	0.4205	0.85909
11	5.644e+07	5.648e+07	5642	0.41273	0.93719
11	5.648e+07	5.652e+07	3579	0.42625	0.84318
11	5.652e+07	5.656e+07	8288	0.41647	0.93636
11	5.656e+07	5.66e+07	6381	0.4175	0.96573
11	5.66e+07	5.664e+07	6760	0.38462	0.76573
11	5.664e+07	5.668e+07	6155	0.41292	0.94545
11	5.668e+07	5.672e+07	6678	0.41547	0.95966
11	5.672e+07	5.676e+07	7198	0.42911	0.80065
11	5.676e+07	5.68e+07	7573	0.42882	0.92567
11	5.68e+07	5.684e+07	5096	0.47125	0.95364
11	5.684e+07	5.688e+07	4524	0.44281	0.99318
11	5.688e+07	5.692e+07	8674	0.445	0.98434
11	5.692e+07	5.696e+07	4524	0.45375	0.95795
11	5.696e+07	5.7e+07	6820	0.43107	0.82987
11	5.7e+07	5.704e+07	4513	0.44306	0.99798
11	5.704e+07	5.708e+07	5027	0.45083	0.9798
11	5.708e+07	5.712e+07	7527	0.44033	0.93091
11	5.712e+07	5.716e+07	5591	0.43614	0.97107
11	5.716e+07	5.72e+07	7404	0.42938	0.66023
11	5.72e+07	5.724e+07	6708	0.44	0.95035
11	5.724e+07	5.728e+07	10569	0.44261	0.90949
11	5.728e+07	5.732e+07	4021	0.46714	0.81429
11	5.732e+07	5.736e+07	7029	0.42441	0.96898
11	5.736e+07	5.74e+07	5868	0.48354	0.80833
11	5.74e+07	5.744e+07	5062	0.481	0.97364
11	5.744e+07	5.748e+07	3388	0.45417	0.62273
11	5.748e+07	5.752e+07	6346	0.50521	0.95758
11	5.752e+07	5.756e+07	6361	0.4875	0.94336
11	5.756e+07	5.76e+07	7039	0.52058	0.96573
11	5.76e+07	5.764e+07	4595	0.45694	0.88283
11	5.764e+07	5.768e+07	4524	0.49781	0.97045
11	5.768e+07	5.772e+07	3692	0.505	0.89221
11	5.772e+07	5.776e+07	6265	0.45729	0.91136
11	5.776e+07	5.78e+07	5192	0.47175	0.94818
11	5.78e+07	5.784e+07	3296	0.45531	0.925
11	5.784e+07	5.788e+07	4524	0.47937	0.89773
11	5.788e+07	5.792e+07	5971	0.42812	0.87121
11	5.792e+07	5.796e+07	6536	0.46187	0.95076
11	5.796e+07	5.8e+07	5027	0.44778	0.91616
11	5.8e+07	5.804e+07	4101	0.435	0.85051
11	5.804e+07	5.808e+07	7795	0.42967	0.88727
11	5.808e+07	5.812e+07	3812	0.45857	0.95714
11	5.812e+07	5.816e+07	5560	0.49977	0.98843
11	5.816e+07	5.82e+07	5103	0.45075	0.98364
11	5.82e+07	5.824e+07	5475	0.40604	0.92273
11	5.824e+07	5.828e+07	4019	0.455	0.92626
11	5.828e+07	5.832e+07	6015	0.39364	0.79256
11	5.832e+07	5.836e+07	6908	0.4275	0.64755
11	5.836e+07	5.84e+07	7777	0.417	0.83394
11	5.84e+07	5.844e+07	4524	0.44594	0.95909
11	5.844e+07	5.848e+07	6230	0.47937	0.94091
11	5.848e+07	5.852e+07	4815	0.43806	0.54949
11	5.852e+07	5.856e+07	7614	0.40017	0.57879
11	5.856e+07	5.86e+07	4001	0.40607	0.86234
11	5.86e+07	5.864e+07	7255	0.40683	0.9297
11	5.864e+07	5.868e+07	6536	0.44271	0.76818
11	5.868e+07	5.872e+07	4752	0.44917	0.97778
11	5.872e+07	5.876e+07	6033	0.45591	0.98099
11	5.876e+07	5.88e+07	5721	0.48591	0.99008
11	5.88e+07	5.884e+07	3783	0.53179	0.9961
11	5.884e+07	5.888e+07	2472	0.518	0.99273
11	5.888e+07	5.892e+07	4201	0.505	0.92273
11	5.892e+07	5.896e+07	2009	0.5825	0.99394
11	5.896e+07	5.9e+07	7130	0.51071	0.96818
11	5.9e+07	5.904e+07	7703	0.455	0.95511
11	5.904e+07	5.908e+07	4021	0.465	0.97532
11	5.908e+07	5.912e+07	3015	0.5145	0.99455
11	5.912e+07	5.916e+07	5308	0.53375	0.98364
11	5.916e+07	5.92e+07	5142	0.48075	0.93455
11	5.92e+07	5.924e+07	1506	0.48625	0.96364
11	5.924e+07	5.928e+07	4261	0.4585	0.93
11	5.928e+07	5.932e+07	5816	0.50273	0.92727
11	5.932e+07	5.936e+07	5584	0.48146	0.96667
11	5.936e+07	5.94e+07	5784	0.45636	0.93967
11	5.94e+07	5.944e+07	7039	0.42269	0.91049
11	5.944e+07	5.948e+07	4021	0.47964	0.98312
11	5.948e+07	5.952e+07	5530	0.47625	0.95818
11	5.952e+07	5.956e+07	6084	0.46437	0.9553
11	5.956e+07	5.96e+07	5418	0.46225	0.98091
11	5.96e+07	5.964e+07	6245	0.47	0.94242
11	5.964e+07	5.968e+07	6245	0.44288	0.94406
11	5.968e+07	5.972e+07	6422	0.49438	0.92197
11	5.972e+07	5.976e+07	6044	0.48979	0.97045
11	5.976e+07	5.98e+07	5260	0.4985	0.88
11	5.98e+07	5.984e+07	5666	0.47365	0.9028
11	5.984e+07	5.988e+07	4079	0.50656	0.97273
11	5.988e+07	5.992e+07	5530	0.49125	0.95545
11	5.992e+07	5.996e+07	6482	0.49214	0.98506
11	5.996e+07	6e+07	8718	0.51588	0.99091
11	6e+07	6.004e+07	6123	0.55417	0.9947
11	6.004e+07	6.008e+07	5178	0.48045	0.94876
11	6.008e+07	6.012e+07	7146	0.472	0.98364
11	6.012e+07	6.016e+07	6080	0.44481	0.96573
11	6.016e+07	6.02e+07	6011	0.47327	0.92657
11	6.02e+07	6.024e+07	7921	0.46618	0.98396
11	6.024e+07	6.028e+07	4111	0.43906	0.85682
11	6.028e+07	6.032e+07	5899	0.49354	0.94545
11	6.032e+07	6.036e+07	7998	0.49	0.95739
11	6.036e+07	6.04e+07	5315	0.41725	0.37727
11	6.04e+07	6.044e+07	6682	0.4175	0.013287
11	6.044e+07	6.048e+07	6033	0.40909	0.08843
11	6.048e+07	6.052e+07	6536	0.4525	0.4303
11	6.052e+07	6.056e+07	4507	0.49	0.95051
11	6.056e+07	6.06e+07	6536	0.44229	0.9303
11	6.06e+07	6.064e+07	7798	0.44765	0.92513
11	6.064e+07	6.068e+07	5472	0.47977	0.91653
11	6.068e+07	6.072e+07	7187	0.46833	0.91758
11	6.072e+07	6.076e+07	7852	0.49983	0.97152
11	6.076e+07	6.08e+07	5542	0.47636	0.94711
11	6.08e+07	6.084e+07	5774	0.50208	0.97652
11	6.084e+07	6.088e+07	6585	0.48327	0.86643
11	6.088e+07	6.092e+07	7426	0.44617	0.97394
11	6.092e+07	6.096e+07	3954	0.49821	0.91169
11	6.096e+07	6.1e+07	3563	0.48429	0.9974
11	6.1e+07	6.104e+07	6494	0.486	0.97212
11	6.104e+07	6.108e+07	3797	0.47469	0.90682
11	6.108e+07	6.112e+07	10971	0.43615	0.93977
11	6.112e+07	6.116e+07	7039	0.46673	0.96084
11	6.116e+07	6.12e+07	5229	0.49477	0.97769
11	6.12e+07	6.124e+07	5027	0.47667	0.81313
11	6.124e+07	6.128e+07	5085	0.49591	0.83223
11	6.128e+07	6.132e+07	3015	0.469	0.96909
11	6.132e+07	6.136e+07	5530	0.48575	0.99364
11	6.136e+07	6.14e+07	5530	0.45975	0.96
11	6.14e+07	6.144e+07	4434	0.45472	0.93939
11	6.144e+07	6.148e+07	7039	0.4625	0.95035
11	6.148e+07	6.152e+07	4352	0.51889	0.98485
11	6.152e+07	6.156e+07	3015	0.4395	0.91455
11	6.156e+07	6.16e+07	4524	0.42094	0.89659
11	6.16e+07	6.164e+07	5450	0.3965	0.89091
11	6.164e+07	6.168e+07	5714	0.36923	0.92867
11	6.168e+07	6.172e+07	6088	0.41563	0.94621
11	6.172e+07	6.176e+07	8918	0.40903	0.9399
11	6.176e+07	6.18e+07	4021	0.4525	0.95195
11	6.18e+07	6.184e+07	5027	0.47361	0.91515
11	6.184e+07	6.188e+07	7338	0.449	0.95333
11	6.188e+07	6.192e+07	4702	0.40825	0.98545
11	6.192e+07	6.196e+07	7935	0.43328	0.97898
11	6.196e+07	6.2e+07	6962	0.41717	0.78848
11	6.2e+07	6.204e+07	6831	0.44875	0.9487
11	6.204e+07	6.208e+07	7448	0.49533	0.98242
11	6.208e+07	6.212e+07	6493	0.44354	0.96288
11	6.212e+07	6.216e+07	5564	0.39523	0.9595
11	6.216e+07	6.22e+07	4185	0.3625	0.94091
11	6.22e+07	6.224e+07	8164	0.40222	0.90051
11	6.224e+07	6.228e+07	3215	0.3875	0.8697
11	6.228e+07	6.232e+07	7630	0.43333	0.91162
11	6.232e+07	6.236e+07	5558	0.44146	0.91667
11	6.236e+07	6.24e+07	4561	0.46614	0.92314
11	6.24e+07	6.244e+07	6026	0.48313	0.95
11	6.244e+07	6.248e+07	5275	0.4655	0.96727
11	6.248e+07	6.252e+07	6375	0.46077	0.93427
11	6.252e+07	6.256e+07	5027	0.47056	0.98283
11	6.256e+07	6.26e+07	8966	0.44278	0.97778
11	6.26e+07	6.264e+07	6488	0.43173	0.96993
11	6.264e+07	6.268e+07	5027	0.43611	0.96667
11	6.268e+07	6.272e+07	5805	0.42396	0.82273
11	6.272e+07	6.276e+07	3015	0.443	0.93091
11	6.276e+07	6.28e+07	4227	0.45437	0.87386
11	6.28e+07	6.284e+07	8732	0.45206	0.96471
11	6.284e+07	6.288e+07	4350	0.445	0.99432
11	6.288e+07	6.292e+07	8133	0.44203	0.98466
11	6.292e+07	6.296e+07	6230	0.47673	1
11	6.296e+07	6.3e+07	10078	0.42226	0.97792
11	6.3e+07	6.304e+07	6970	0.42635	0.94126
11	6.304e+07	6.308e+07	5367	0.43562	0.97803
11	6.308e+07	6.312e+07	7135	0.44267	0.92667
11	6.312e+07	6.316e+07	5894	0.42045	0.9124
11	6.316e+07	6.32e+07	7166	0.44483	0.96788
11	6.32e+07	6.324e+07	6722	0.44719	0.9892
11	6.324e+07	6.328e+07	8782	0.42194	0.96162
11	6.328e+07	6.332e+07	7314	0.47813	0.78011
11	6.332e+07	6.336e+07	8950	0.44264	0.97121
11	6.336e+07	6.34e+07	6078	0.44771	0.98182
11	6.34e+07	6.344e+07	6840	0.42133	0.73333
11	6.344e+07	6.348e+07	5238	0.43068	0.83636
11	6.348e+07	6.352e+07	5189	0.39568	0.9562
11	6.352e+07	6.356e+07	7940	0.43344	0.97386
11	6.356e+07	6.36e+07	8251	0.455	0.98449
11	6.36e+07	6.364e+07	4068	0.47781	0.86932
11	6.364e+07	6.368e+07	4021	0.44536	0.95714
11	6.368e+07	6.372e+07	3518	0.47708	0.96061
11	6.372e+07	6.376e+07	6035	0.47021	0.97576
11	6.376e+07	6.38e+07	4658	0.47	0.95859
11	6.38e+07	6.384e+07	6894	0.42161	0.97727
11	6.384e+07	6.388e+07	5501	0.40458	0.97045
11	6.388e+07	6.392e+07	6291	0.44288	0.99371
11	6.392e+07	6.396e+07	5632	0.44045	0.97107
11	6.396e+07	6.4e+07	6190	0.4225	0.97955
11	6.4e+07	6.404e+07	6153	0.43083	0.99091
11	6.404e+07	6.408e+07	9830	0.42302	0.99053
11	6.408e+07	6.412e+07	5978	0.44479	0.90152
11	6.412e+07	6.416e+07	9196	0.43434	0.99617
11	6.416e+07	6.42e+07	8195	0.42382	0.87807
11	6.42e+07	6.424e+07	5794	0.41318	0.9405
11	6.424e+07	6.428e+07	4283	0.42063	0.97727
11	6.428e+07	6.432e+07	6116	0.44125	0.95682
11	6.432e+07	6.436e+07	7542	0.43286	0.96623
11	6.436e+07	6.44e+07	6210	0.40875	0.89924
11	6.44e+07	6.444e+07	7122	0.40946	0.77857
11	6.444e+07	6.448e+07	8513	0.42237	0.97464
11	6.448e+07	6.452e+07	6608	0.40946	0.81948
11	6.452e+07	6.456e+07	7670	0.433	0.99636
11	6.456e+07	6.46e+07	6640	0.41786	0.85909
11	6.46e+07	6.464e+07	6536	0.42792	0.72576
11	6.464e+07	6.468e+07	5411	0.4175	0.79669
11	6.468e+07	6.472e+07	5216	0.43	0.91091
11	6.472e+07	6.476e+07	8390	0.45453	0.93352
11	6.476e+07	6.48e+07	4774	0.45028	0.9798
11	6.48e+07	6.484e+07	7322	0.50406	0.99489
11	6.484e+07	6.488e+07	7616	0.45467	0.98667
11	6.488e+07	6.492e+07	5342	0.4665	0.97636
11	6.492e+07	6.496e+07	6661	0.42982	0.99351
11	6.496e+07	6.5e+07	6932	0.43464	0.99675
11	6.5e+07	6.504e+07	4186	0.43469	0.99318
11	6.504e+07	6.508e+07	7303	0.43984	0.95284
11	6.508e+07	6.512e+07	3026	0.44667	0.96061
11	6.512e+07	6.516e+07	6064	0.41654	0.98042
11	6.516e+07	6.52e+07	5361	0.42675	0.98364
11	6.52e+07	6.524e+07	6179	0.40654	0.99231
11	6.524e+07	6.528e+07	3884	0.43806	0.8596
11	6.528e+07	6.532e+07	7092	0.431	0.91333
11	6.532e+07	6.536e+07	9090	0.40863	0.80545
11	6.536e+07	6.54e+07	7039	0.43827	0.98531
11	6.54e+07	6.544e+07	6403	0.42232	0.95195
11	6.544e+07	6.548e+07	4021	0.44714	0.97922
11	6.548e+07	6.552e+07	5904	0.42136	0.96612
11	6.552e+07	6.556e+07	8947	0.39224	0.94593
11	6.556e+07	6.56e+07	7576	0.40017	0.92909
11	6.56e+07	6.564e+07	5822	0.43115	0.92238
11	6.564e+07	6.568e+07	6765	0.445	0.98117
11	6.568e+07	6.572e+07	6118	0.44146	0.9697
11	6.572e+07	6.576e+07	9557	0.42013	0.96136
11	6.576e+07	6.58e+07	5241	0.43659	0.79421
11	6.58e+07	6.584e+07	5287	0.41675	0.84818
11	6.584e+07	6.588e+07	3727	0.43214	0.9961
11	6.588e+07	6.592e+07	6017	0.43854	0.97197
11	6.592e+07	6.596e+07	6579	0.43617	0.98061
11	6.596e+07	6.6e+07	7774	0.42297	0.92841
11	6.6e+07	6.604e+07	10498	0.43609	0.87945
11	6.604e+07	6.608e+07	8358	0.435	0.95789
11	6.608e+07	6.612e+07	8648	0.43208	0.97475
11	6.612e+07	6.616e+07	5748	0.43364	0.95041
11	6.616e+07	6.62e+07	5772	0.41409	0.97686
11	6.62e+07	6.624e+07	8177	0.43667	0.99646
11	6.624e+07	6.628e+07	7369	0.416	0.85818
11	6.628e+07	6.632e+07	6410	0.44635	0.88741
11	6.632e+07	6.636e+07	6369	0.46021	0.92652
11	6.636e+07	6.64e+07	11289	0.4064	0.98
11	6.64e+07	6.644e+07	7168	0.42632	0.94439
11	6.644e+07	6.648e+07	5856	0.38458	0.82424
11	6.648e+07	6.652e+07	5521	0.4025	0.94182
11	6.652e+07	6.656e+07	7970	0.41297	0.91875
11	6.656e+07	6.66e+07	8269	0.41588	0.90321
11	6.66e+07	6.664e+07	7639	0.42103	0.93583
11	6.664e+07	6.668e+07	5530	0.43925	0.97727
11	6.668e+07	6.672e+07	4262	0.435	0.97955
11	6.672e+07	6.676e+07	4204	0.44028	0.96869
11	6.676e+07	6.68e+07	6842	0.46964	0.81039
11	6.68e+07	6.684e+07	3052	0.45208	0.96212
11	6.684e+07	6.688e+07	5307	0.44575	0.95636
11	6.688e+07	6.692e+07	5297	0.48825	0.93727
11	6.692e+07	6.696e+07	7542	0.46286	0.8013
11	6.696e+07	6.7e+07	3382	0.41893	0.98312
11	6.7e+07	6.704e+07	8159	0.43574	0.91979
11	6.704e+07	6.708e+07	4674	0.41556	0.91717
11	6.708e+07	6.712e+07	6033	0.42841	0.87686
11	6.712e+07	6.716e+07	6351	0.43442	0.9972
11	6.716e+07	6.72e+07	4292	0.47361	0.98485
11	6.72e+07	6.724e+07	6650	0.44538	0.96364
11	6.724e+07	6.728e+07	6985	0.45917	0.99152
11	6.728e+07	6.732e+07	6068	0.46729	0.95682
11	6.732e+07	6.736e+07	6067	0.43771	0.96288
11	6.736e+07	6.74e+07	7171	0.47804	0.98377
11	6.74e+07	6.744e+07	5474	0.49577	0.96434
11	6.744e+07	6.748e+07	4320	0.50062	0.93977
11	6.748e+07	6.752e+07	6645	0.48385	0.9979
11	6.752e+07	6.756e+07	7747	0.464	0.98606
11	6.756e+07	6.76e+07	5285	0.45042	0.925
11	6.76e+07	6.764e+07	5689	0.46058	0.95245
11	6.764e+07	6.768e+07	5663	0.45386	0.95537
11	6.768e+07	6.772e+07	4582	0.44333	0.88081
11	6.772e+07	6.776e+07	6929	0.45321	0.97013
11	6.776e+07	6.78e+07	6498	0.43589	0.94416
11	6.78e+07	6.784e+07	4943	0.47417	0.98889
11	6.784e+07	6.788e+07	6239	0.43479	0.97955
11	6.788e+07	6.792e+07	5725	0.43205	0.95785
11	6.792e+07	6.796e+07	5484	0.44727	0.95041
11	6.796e+07	6.8e+07	7791	0.44234	0.96591
11	6.8e+07	6.804e+07	8270	0.51861	0.99949
11	6.804e+07	6.808e+07	4021	0.47357	0.98052
11	6.808e+07	6.812e+07	3518	0.49333	0.9697
11	6.812e+07	6.816e+07	6631	0.4965	0.98485
11	6.816e+07	6.82e+07	3015	0.492	0.96364
11	6.82e+07	6.824e+07	5530	0.45025	0.95909
11	6.824e+07	6.828e+07	4674	0.45167	0.97475
11	6.828e+07	6.832e+07	6142	0.50417	0.9697
11	6.832e+07	6.836e+07	4561	0.45972	0.98283
11	6.836e+07	6.84e+07	6237	0.45292	0.94015
11	6.84e+07	6.844e+07	5214	0.46475	0.94455
11	6.844e+07	6.848e+07	5776	0.43417	0.90909
11	6.848e+07	6.852e+07	7743	0.44391	0.96477
11	6.852e+07	6.856e+07	7294	0.42953	0.97557
11	6.856e+07	6.86e+07	9282	0.44737	0.97129
11	6.86e+07	6.864e+07	7542	0.48286	0.92468
11	6.864e+07	6.868e+07	7811	0.42515	0.91979
11	6.868e+07	6.872e+07	4345	0.45444	0.9596
11	6.872e+07	6.876e+07	7296	0.47339	0.90779
11	6.876e+07	6.88e+07	5828	0.47295	0.9314
11	6.88e+07	6.884e+07	3788	0.45321	0.95325
11	6.884e+07	6.888e+07	4524	0.48344	0.95227
11	6.888e+07	6.892e+07	7116	0.45607	0.91883
11	6.892e+07	6.896e+07	6413	0.45667	0.97348
11	6.896e+07	6.9e+07	4346	0.45969	0.95795
11	6.9e+07	6.904e+07	4021	0.49679	0.98961
11	6.904e+07	6.908e+07	5964	0.48432	0.9438
11	6.908e+07	6.912e+07	5525	0.4565	0.95273
11	6.912e+07	6.916e+07	4414	0.46472	0.97273
11	6.916e+07	6.92e+07	5394	0.46525	0.96636
11	6.92e+07	6.924e+07	3518	0.54583	0.89242
11	6.924e+07	6.928e+07	4524	0.50281	0.925
11	6.928e+07	6.932e+07	3529	0.46857	0.98052
11	6.932e+07	6.936e+07	3202	0.47667	0.94545
11	6.936e+07	6.94e+07	3518	0.51708	0.95152
11	6.94e+07	6.944e+07	4353	0.49194	0.94747
11	6.944e+07	6.948e+07	4524	0.4925	0.91818
11	6.948e+07	6.952e+07	5378	0.49575	0.78091
11	6.952e+07	6.956e+07	3518	0.47333	0.91667
11	6.956e+07	6.96e+07	4462	0.53281	0.99318
11	6.96e+07	6.964e+07	4196	0.52031	0.96136
11	6.964e+07	6.968e+07	4524	0.49188	0.88977
11	6.968e+07	6.972e+07	7160	0.50179	0.93052
11	6.972e+07	6.976e+07	5353	0.50125	0.95818
11	6.976e+07	6.98e+07	3518	0.49083	0.92727
11	6.98e+07	6.984e+07	3712	0.50286	0.97662
11	6.984e+07	6.988e+07	5507	0.55	0.99008
11	6.988e+07	6.992e+07	4524	0.47375	0.86477
11	6.992e+07	6.996e+07	4331	0.4455	0.76
11	6.996e+07	7e+07	4272	0.45667	0.84848
11	7e+07	7.004e+07	9204	0.46645	0.97177
11	7.004e+07	7.008e+07	6427	0.51268	0.98442
11	7.008e+07	7.012e+07	8309	0.43889	0.86313
11	7.012e+07	7.016e+07	7816	0.4815	0.89697
11	7.016e+07	7.02e+07	9787	0.40625	0.83
11	7.02e+07	7.024e+07	6388	0.46167	0.93182
11	7.024e+07	7.028e+07	5748	0.51818	0.97355
11	7.028e+07	7.032e+07	5841	0.43964	0.85195
11	7.032e+07	7.036e+07	3738	0.46357	0.90649
11	7.036e+07	7.04e+07	3528	0.46107	0.91429
11	7.04e+07	7.044e+07	6267	0.52312	0.95152
11	7.044e+07	7.048e+07	4640	0.49125	0.94364
11	7.048e+07	7.052e+07	4173	0.4825	0.96591
11	7.052e+07	7.056e+07	4618	0.49222	0.9303
11	7.056e+07	7.06e+07	5027	0.47139	0.89394
11	7.06e+07	7.064e+07	3518	0.46458	0.97424
11	7.064e+07	7.068e+07	4021	0.41464	0.93247
11	7.068e+07	7.072e+07	8090	0.40221	0.93957
11	7.072e+07	7.076e+07	7183	0.4125	0.94148
11	7.076e+07	7.08e+07	9225	0.4492	0.94091
11	7.08e+07	7.084e+07	6921	0.43393	0.98377
11	7.084e+07	7.088e+07	7260	0.45571	0.7526
11	7.088e+07	7.092e+07	8622	0.42625	0.62727
11	7.092e+07	7.096e+07	4588	0.4375	0.72626
11	7.096e+07	7.1e+07	6103	0.43865	0.72238
11	7.1e+07	7.104e+07	7743	0.42333	0.48727
11	7.104e+07	7.108e+07	7453	0.42797	0.82102
11	7.108e+07	7.112e+07	7217	0.40268	0.76753
11	7.112e+07	7.116e+07	8782	0.39855	0.52679
11	7.116e+07	7.12e+07	5530	0.41875	0.79909
11	7.12e+07	7.124e+07	7811	0.4275	0.98182
11	7.124e+07	7.128e+07	6493	0.44643	0.91558
11	7.128e+07	7.132e+07	4605	0.434	0.99636
11	7.132e+07	7.136e+07	8698	0.44118	0.90588
11	7.136e+07	7.14e+07	2128	0.42812	1
11	7.14e+07	7.144e+07	4416	0.45889	0.94949
11	7.144e+07	7.148e+07	5811	0.42477	0.9719
11	7.148e+07	7.152e+07	8136	0.45422	0.96364
11	7.152e+07	7.156e+07	5674	0.48154	0.88741
11	7.156e+07	7.16e+07	5694	0.51432	0.97521
11	7.16e+07	7.164e+07	6530	0.43354	0.99167
11	7.164e+07	7.168e+07	4675	0.44806	0.89899
11	7.168e+07	7.172e+07	4021	0.46964	0.84416
11	7.172e+07	7.176e+07	5824	0.4725	0.94545
11	7.176e+07	7.18e+07	6025	0.45813	0.99621
11	7.18e+07	7.184e+07	7201	0.46133	0.96606
11	7.184e+07	7.188e+07	6695	0.50018	0.97792
11	7.188e+07	7.192e+07	5039	0.46409	0.99091
11	7.192e+07	7.196e+07	4723	0.479	0.96818
11	7.196e+07	7.2e+07	6820	0.46	0.94615
11	7.2e+07	7.204e+07	3015	0.4155	0.96364
11	7.204e+07	7.208e+07	3797	0.455	0.97922
11	7.208e+07	7.212e+07	5043	0.45425	0.94
11	7.212e+07	7.216e+07	3742	0.465	0.83766
11	7.216e+07	7.22e+07	4524	0.46906	0.89432
11	7.22e+07	7.224e+07	3015	0.509	0.97273
11	7.224e+07	7.228e+07	1716	0.555	1
11	7.228e+07	7.232e+07	6170	0.53521	0.98712
11	7.232e+07	7.236e+07	4201	0.47531	0.98068
11	7.236e+07	7.24e+07	6535	0.45846	0.84895
11	7.24e+07	7.244e+07	4021	0.42179	0.84156
11	7.244e+07	7.248e+07	3933	0.36321	0.95584
11	7.248e+07	7.252e+07	7359	0.37267	0.97576
11	7.252e+07	7.256e+07	5377	0.39375	0.96909
11	7.256e+07	7.26e+07	7171	0.45661	0.9
11	7.26e+07	7.264e+07	4524	0.43906	0.97386
11	7.264e+07	7.268e+07	4021	0.45286	0.8013
11	7.268e+07	7.272e+07	7111	0.41304	0.87208
11	7.272e+07	7.276e+07	5786	0.47023	0.89421
11	7.276e+07	7.28e+07	6394	0.49583	0.97197
11	7.28e+07	7.284e+07	4692	0.50944	0.98182
11	7.284e+07	7.288e+07	8045	0.47967	0.94909
11	7.288e+07	7.292e+07	2512	0.47625	0.94545
11	7.292e+07	7.296e+07	3015	0.5045	0.89636
11	7.296e+07	7.3e+07	5483	0.49404	0.89021
11	7.3e+07	7.304e+07	6536	0.47896	0.98182
11	7.304e+07	7.308e+07	8304	0.48721	0.96631
11	7.308e+07	7.312e+07	4380	0.49639	1
11	7.312e+07	7.316e+07	7975	0.37312	0.93591
11	7.316e+07	7.32e+07	6437	0.3925	0.6049
11	7.32e+07	7.324e+07	7420	0.37117	0.72364
11	7.324e+07	7.328e+07	4240	0.36028	0.75354
11	7.328e+07	7.332e+07	10499	0.39679	0.75022
11	7.332e+07	7.336e+07	4524	0.36844	0.71477
11	7.336e+07	7.34e+07	7563	0.40167	0.47152
11	7.34e+07	7.344e+07	6515	0.38	0.65874
11	7.344e+07	7.348e+07	6736	0.37	0.77972
11	7.348e+07	7.352e+07	10840	0.41341	0.56033
11	7.352e+07	7.356e+07	7626	0.38467	0.73939
11	7.356e+07	7.36e+07	5420	0.391	0.86455
11	7.36e+07	7.364e+07	4992	0.3685	0.74727
11	7.364e+07	7.368e+07	5027	0.39278	0.58889
11	7.368e+07	7.372e+07	8939	0.39985	0.6123
11	7.372e+07	7.376e+07	3903	0.40857	0.71818
11	7.376e+07	7.38e+07	5817	0.40432	0.67273
11	7.38e+07	7.384e+07	9396	0.40605	0.50096
11	7.384e+07	7.388e+07	5886	0.42636	0.85785
11	7.388e+07	7.392e+07	5671	0.37477	0.82975
11	7.392e+07	7.396e+07	7602	0.41517	0.64303
11	7.396e+07	7.4e+07	6971	0.41911	0.57857
11	7.4e+07	7.404e+07	6076	0.42021	0.58106
11	7.404e+07	7.408e+07	4413	0.40719	0.66136
11	7.408e+07	7.412e+07	7439	0.41214	0.73312
11	7.412e+07	7.416e+07	8770	0.41676	0.79947
11	7.416e+07	7.42e+07	6033	0.425	0.95207
11	7.42e+07	7.424e+07	5927	0.48896	0.99545
11	7.424e+07	7.428e+07	6017	0.47409	0.96942
11	7.428e+07	7.432e+07	4452	0.47639	0.99596
11	7.432e+07	7.436e+07	5207	0.50375	0.74818
11	7.436e+07	7.44e+07	5834	0.50705	0.97769
11	7.44e+07	7.444e+07	3659	0.49143	0.99091
11	7.444e+07	7.448e+07	5995	0.51727	0.99504
11	7.448e+07	7.452e+07	6475	0.38297	0.95739
11	7.452e+07	7.456e+07	6850	0.40554	0.97532
11	7.456e+07	7.46e+07	3912	0.43464	0.93636
11	7.46e+07	7.464e+07	6033	0.42841	0.91488
11	7.464e+07	7.468e+07	4191	0.52844	0.95341
11	7.468e+07	7.472e+07	7542	0.47625	0.78377
11	7.472e+07	7.476e+07	3015	0.4225	0.95636
11	7.476e+07	7.48e+07	6344	0.40667	0.91818
11	7.48e+07	7.484e+07	5438	0.40432	0.91818
11	7.484e+07	7.488e+07	6271	0.43271	0.93561
11	7.488e+07	7.492e+07	9475	0.41813	0.94409
11	7.492e+07	7.496e+07	5096	0.44475	0.94455
11	7.496e+07	7.5e+07	4109	0.46937	0.99659
11	7.5e+07	7.504e+07	4026	0.49361	0.95253
11	7.504e+07	7.508e+07	5027	0.52722	0.98788
11	7.508e+07	7.512e+07	7318	0.50033	0.98848
11	7.512e+07	7.516e+07	6048	0.43232	0.98312
11	7.516e+07	7.52e+07	6282	0.44604	0.85985
11	7.52e+07	7.524e+07	4797	0.45389	0.96263
11	7.524e+07	7.528e+07	5530	0.515	0.96818
11	7.528e+07	7.532e+07	5060	0.446	0.89364
11	7.532e+07	7.536e+07	5487	0.48364	0.93802
11	7.536e+07	7.54e+07	4805	0.48925	0.95364
11	7.54e+07	7.544e+07	7832	0.46875	0.90057
11	7.544e+07	7.548e+07	4021	0.51643	0.93506
11	7.548e+07	7.552e+07	3549	0.455	0.95195
11	7.552e+07	7.556e+07	7681	0.42359	0.87273
11	7.556e+07	7.56e+07	5530	0.42075	0.98364
11	7.56e+07	7.564e+07	5027	0.475	0.92626
11	7.564e+07	7.568e+07	3875	0.50406	0.97727
11	7.568e+07	7.572e+07	8661	0.48538	0.98091
11	7.572e+07	7.576e+07	6790	0.48942	0.97063
11	7.576e+07	7.58e+07	5437	0.47708	0.92273
11	7.58e+07	7.584e+07	4573	0.45425	0.95727
11	7.584e+07	7.588e+07	6707	0.47077	0.97413
11	7.588e+07	7.592e+07	7181	0.46196	0.96234
11	7.592e+07	7.596e+07	6420	0.44604	0.81061
11	7.596e+07	7.6e+07	7058	0.44125	0.97784
11	7.6e+07	7.604e+07	3820	0.475	0.92468
11	7.604e+07	7.608e+07	5005	0.46611	0.98687
11	7.608e+07	7.612e+07	4912	0.5125	0.99636
11	7.612e+07	7.616e+07	3518	0.44375	0.98333
11	7.616e+07	7.62e+07	7134	0.46589	0.98571
11	7.62e+07	7.624e+07	4524	0.48469	0.94205
11	7.624e+07	7.628e+07	7652	0.5015	0.97212
11	7.628e+07	7.632e+07	5027	0.5025	0.96162
11	7.632e+07	7.636e+07	3557	0.47321	0.95455
11	7.636e+07	7.64e+07	3377	0.50375	0.69242
11	7.64e+07	7.644e+07	5053	0.47125	0.95455
11	7.644e+07	7.648e+07	4154	0.43719	0.84318
11	7.648e+07	7.652e+07	5027	0.46389	0.97374
11	7.652e+07	7.656e+07	4524	0.44688	0.99205
11	7.656e+07	7.66e+07	8591	0.40816	0.97943
11	7.66e+07	7.664e+07	9672	0.39118	0.99091
11	7.664e+07	7.668e+07	4544	0.43667	0.88485
11	7.668e+07	7.672e+07	3518	0.44125	0.82727
11	7.672e+07	7.676e+07	4021	0.4175	0.86623
11	7.676e+07	7.68e+07	6015	0.41568	0.94463
11	7.68e+07	7.684e+07	6778	0.4975	0.99091
11	7.684e+07	7.688e+07	4160	0.39375	0.96023
11	7.688e+07	7.692e+07	6653	0.42942	0.91888
11	7.692e+07	7.696e+07	7378	0.43688	0.95227
11	7.696e+07	7.7e+07	7039	0.42519	0.95385
11	7.7e+07	7.704e+07	8131	0.41103	0.95187
11	7.704e+07	7.708e+07	7915	0.38391	0.95455
11	7.708e+07	7.712e+07	7276	0.41317	0.7503
11	7.712e+07	7.716e+07	8794	0.37842	0.90048
11	7.716e+07	7.72e+07	5473	0.39479	0.9053
11	7.72e+07	7.724e+07	6593	0.37875	0.96623
11	7.724e+07	7.728e+07	2903	0.398	0.60364
11	7.728e+07	7.732e+07	4383	0.54944	0.99798
11	7.732e+07	7.736e+07	5190	0.44	0.95
11	7.736e+07	7.74e+07	6033	0.35773	0.93058
11	7.74e+07	7.744e+07	6262	0.39404	0.87622
11	7.744e+07	7.748e+07	5460	0.45325	0.80909
11	7.748e+07	7.752e+07	3609	0.39437	0.875
11	7.752e+07	7.756e+07	3846	0.40643	0.94026
11	7.756e+07	7.76e+07	5027	0.465	0.88485
11	7.76e+07	7.764e+07	4021	0.47571	0.93506
11	7.764e+07	7.768e+07	4096	0.54469	0.99886
11	7.768e+07	7.772e+07	4021	0.5025	0.96753
11	7.772e+07	7.776e+07	7968	0.495	0.98663
11	7.776e+07	7.78e+07	7526	0.51768	0.98247
11	7.78e+07	7.784e+07	5916	0.42591	0.93223
11	7.784e+07	7.788e+07	5096	0.50025	0.92909
11	7.788e+07	7.792e+07	4704	0.45944	0.95253
11	7.792e+07	7.796e+07	8804	0.44118	0.92679
11	7.796e+07	7.8e+07	5954	0.50154	0.95245
11	7.8e+07	7.804e+07	4186	0.47594	0.92614
11	7.804e+07	7.808e+07	5551	0.46977	0.92562
11	7.808e+07	7.812e+07	5761	0.4325	0.94318
11	7.812e+07	7.816e+07	4413	0.48778	0.93535
11	7.816e+07	7.82e+07	5489	0.50932	0.96116
11	7.82e+07	7.824e+07	3854	0.5375	0.96883
11	7.824e+07	7.828e+07	5394	0.47705	0.85785
11	7.828e+07	7.832e+07	7137	0.48764	0.97727
11	7.832e+07	7.836e+07	4142	0.48906	0.94205
11	7.836e+07	7.84e+07	6243	0.4325	0.91515
11	7.84e+07	7.844e+07	5036	0.40825	0.95364
11	7.844e+07	7.848e+07	8062	0.39397	0.9262
11	7.848e+07	7.852e+07	10285	0.40607	0.96753
11	7.852e+07	7.856e+07	8467	0.43917	0.92071
11	7.856e+07	7.86e+07	5344	0.45864	0.98512
11	7.86e+07	7.864e+07	5530	0.47275	0.93818
11	7.864e+07	7.868e+07	6071	0.45854	0.94015
11	7.868e+07	7.872e+07	7119	0.47036	0.92468
11	7.872e+07	7.876e+07	5027	0.49083	0.97576
11	7.876e+07	7.88e+07	7686	0.49484	0.97443
11	7.88e+07	7.884e+07	8698	0.45972	0.85606
11	7.884e+07	7.888e+07	5646	0.50955	0.95785
11	7.888e+07	7.892e+07	6809	0.52808	0.98671
11	7.892e+07	7.896e+07	6699	0.50942	0.9965
11	7.896e+07	7.9e+07	5051	0.47625	0.92818
11	7.9e+07	7.904e+07	6160	0.49089	0.94481
11	7.904e+07	7.908e+07	6850	0.42783	0.84606
11	7.908e+07	7.912e+07	5046	0.4555	0.93545
11	7.912e+07	7.916e+07	6851	0.44183	0.97273
11	7.916e+07	7.92e+07	3015	0.3825	0.95636
11	7.92e+07	7.924e+07	7849	0.36172	0.98466
11	7.924e+07	7.928e+07	5689	0.39659	0.94876
11	7.928e+07	7.932e+07	5571	0.39386	0.98678
11	7.932e+07	7.936e+07	6033	0.40409	0.93719
11	7.936e+07	7.94e+07	5710	0.43864	0.92149
11	7.94e+07	7.944e+07	4021	0.49071	0.96104
11	7.944e+07	7.948e+07	6946	0.50538	0.96294
11	7.948e+07	7.952e+07	5484	0.5245	0.98545
11	7.952e+07	7.956e+07	7328	0.49964	0.77013
11	7.956e+07	7.96e+07	6067	0.48423	0.93566
11	7.96e+07	7.964e+07	6752	0.46196	0.95065
11	7.964e+07	7.968e+07	7941	0.49684	0.96364
11	7.968e+07	7.972e+07	8152	0.48603	0.76043
11	7.972e+07	7.976e+07	3015	0.4735	0.93091
11	7.976e+07	7.98e+07	5361	0.419	0.95818
11	7.98e+07	7.984e+07	5530	0.3815	0.95091
11	7.984e+07	7.988e+07	6805	0.39942	0.93357
11	7.988e+07	7.992e+07	3015	0.3875	0.88727
11	7.992e+07	7.996e+07	5303	0.40575	0.91818
11	7.996e+07	8e+07	4976	0.45861	0.88788
11	8e+07	8.004e+07	4719	0.44225	0.90364
11	8.004e+07	8.008e+07	6821	0.42518	0.95909
11	8.008e+07	8.012e+07	3518	0.48167	0.91061
11	8.012e+07	8.016e+07	4685	0.49361	0.93434
11	8.016e+07	8.02e+07	6185	0.43729	0.93409
11	8.02e+07	8.024e+07	5379	0.367	0.98545
11	8.024e+07	8.028e+07	5710	0.38886	0.86033
11	8.028e+07	8.032e+07	3962	0.505	0.97071
11	8.032e+07	8.036e+07	4262	0.44889	0.98081
11	8.036e+07	8.04e+07	5530	0.445	0.96
11	8.04e+07	8.044e+07	5568	0.37432	0.9314
11	8.044e+07	8.048e+07	3909	0.41929	0.73377
11	8.048e+07	8.052e+07	5698	0.405	0.90379
11	8.052e+07	8.056e+07	6499	0.42962	0.68881
11	8.056e+07	8.06e+07	7376	0.41518	0.95584
11	8.06e+07	8.064e+07	4581	0.47583	0.98485
11	8.064e+07	8.068e+07	5966	0.45545	0.9405
11	8.068e+07	8.072e+07	4774	0.46083	0.99091
11	8.072e+07	8.076e+07	8733	0.47937	0.97591
11	8.076e+07	8.08e+07	5573	0.47729	0.99015
11	8.08e+07	8.084e+07	5999	0.45833	0.91894
11	8.084e+07	8.088e+07	4731	0.45778	0.98889
11	8.088e+07	8.092e+07	4524	0.46094	0.97614
11	8.092e+07	8.096e+07	5841	0.46159	0.80248
11	8.096e+07	8.1e+07	9402	0.44792	0.94848
11	8.1e+07	8.104e+07	8521	0.46353	0.9984
11	8.104e+07	8.108e+07	4135	0.46969	0.98409
11	8.108e+07	8.112e+07	5620	0.43636	0.9876
11	8.112e+07	8.116e+07	9152	0.44512	0.98727
11	8.116e+07	8.12e+07	4524	0.46281	0.9875
11	8.12e+07	8.124e+07	7790	0.45859	0.9892
11	8.124e+07	8.128e+07	6183	0.44462	0.88601
11	8.128e+07	8.132e+07	7595	0.43317	0.96121
11	8.132e+07	8.136e+07	3974	0.46071	0.88701
11	8.136e+07	8.14e+07	9730	0.444	0.79636
11	8.14e+07	8.144e+07	7809	0.45206	0.9508
11	8.144e+07	8.148e+07	5623	0.47937	0.99091
11	8.148e+07	8.152e+07	6031	0.44558	0.98392
11	8.152e+07	8.156e+07	5027	0.43389	0.94747
11	8.156e+07	8.16e+07	8955	0.465	0.96364
11	8.16e+07	8.164e+07	8617	0.47	0.98663
11	8.164e+07	8.168e+07	6459	0.46117	0.99333
11	8.168e+07	8.172e+07	5380	0.42625	0.97727
11	8.172e+07	8.176e+07	5175	0.461	0.97545
11	8.176e+07	8.18e+07	6077	0.46	0.98042
11	8.18e+07	8.184e+07	5870	0.45318	0.9719
11	8.184e+07	8.188e+07	8548	0.43078	0.95568
11	8.188e+07	8.192e+07	7294	0.42196	0.97532
11	8.192e+07	8.196e+07	6383	0.42521	0.70985
11	8.196e+07	8.2e+07	9727	0.41989	0.94862
11	8.2e+07	8.204e+07	6248	0.45958	0.9803
11	8.204e+07	8.208e+07	4021	0.50107	1
11	8.208e+07	8.212e+07	6092	0.47771	0.99091
11	8.212e+07	8.216e+07	4068	0.475	0.8625
11	8.216e+07	8.22e+07	3152	0.46542	0.98485
11	8.22e+07	8.224e+07	4074	0.49562	0.97841
11	8.224e+07	8.228e+07	6630	0.47231	0.95664
11	8.228e+07	8.232e+07	7403	0.46594	0.87386
11	8.232e+07	8.236e+07	7699	0.4675	0.99939
11	8.236e+07	8.24e+07	4689	0.46833	0.89697
11	8.24e+07	8.244e+07	8168	0.49047	0.88693
11	8.244e+07	8.248e+07	6033	0.48795	0.96612
11	8.248e+07	8.252e+07	4781	0.48083	0.93232
11	8.252e+07	8.256e+07	6928	0.43583	0.93515
11	8.256e+07	8.26e+07	5651	0.40545	0.96446
11	8.26e+07	8.264e+07	3696	0.47393	0.97532
11	8.264e+07	8.268e+07	5518	0.45864	0.94876
11	8.268e+07	8.272e+07	5782	0.46068	0.92479
11	8.272e+07	8.276e+07	5222	0.48114	0.97107
11	8.276e+07	8.28e+07	12615	0.44827	0.90315
11	8.28e+07	8.284e+07	8667	0.46972	0.64646
11	8.284e+07	8.288e+07	5318	0.44521	0.78106
11	8.288e+07	8.292e+07	5477	0.41979	0.46515
11	8.292e+07	8.296e+07	3880	0.41143	0.48052
11	8.296e+07	8.3e+07	3518	0.41875	0.16667
11	8.3e+07	8.304e+07	4994	0.3905	0.76909
11	8.304e+07	8.308e+07	7742	0.39583	0.50788
11	8.308e+07	8.312e+07	4524	0.44188	0.99205
11	8.312e+07	8.316e+07	5901	0.40292	0.98864
11	8.316e+07	8.32e+07	10390	0.42076	0.97787
11	8.32e+07	8.324e+07	7241	0.49426	0.99626
11	8.324e+07	8.328e+07	8989	0.46706	0.95882
11	8.328e+07	8.332e+07	7411	0.36411	0.97727
11	8.332e+07	8.336e+07	8966	0.4575	0.98455
11	8.336e+07	8.34e+07	6437	0.44708	0.86061
11	8.34e+07	8.344e+07	6553	0.42833	0.93394
11	8.344e+07	8.348e+07	5701	0.44812	0.96439
11	8.348e+07	8.352e+07	5846	0.41159	0.94793
11	8.352e+07	8.356e+07	6475	0.43771	0.92424
11	8.356e+07	8.36e+07	6908	0.44446	0.96169
11	8.36e+07	8.364e+07	7052	0.48232	0.96753
11	8.364e+07	8.368e+07	3015	0.481	0.92909
11	8.368e+07	8.372e+07	4756	0.453	0.94727
11	8.372e+07	8.376e+07	8323	0.43156	0.96818
11	8.376e+07	8.38e+07	8992	0.42632	0.98235
11	8.38e+07	8.384e+07	6583	0.43192	0.97483
11	8.384e+07	8.388e+07	6413	0.46962	0.96434
11	8.388e+07	8.392e+07	7681	0.43265	0.95936
11	8.392e+07	8.396e+07	4021	0.44857	0.91818
11	8.396e+07	8.4e+07	5409	0.39292	0.92576
11	8.4e+07	8.404e+07	4308	0.4275	0.97045
11	8.404e+07	8.408e+07	6892	0.38538	0.92168
11	8.408e+07	8.412e+07	9185	0.40167	0.96919
11	8.412e+07	8.416e+07	7775	0.39017	0.87152
11	8.416e+07	8.42e+07	6805	0.42893	0.96104
11	8.42e+07	8.424e+07	5403	0.458	0.94909
11	8.424e+07	8.428e+07	7613	0.41141	0.97898
11	8.428e+07	8.432e+07	5218	0.38727	0.96281
11	8.432e+07	8.436e+07	5029	0.46275	0.96818
11	8.436e+07	8.44e+07	6585	0.50692	0.99231
11	8.44e+07	8.444e+07	5578	0.5075	0.97686
11	8.444e+07	8.448e+07	5617	0.48614	0.97934
11	8.448e+07	8.452e+07	5027	0.48306	0.97374
11	8.452e+07	8.456e+07	6822	0.48375	0.97532
11	8.456e+07	8.46e+07	5161	0.4825	0.98926
11	8.46e+07	8.464e+07	6033	0.49023	0.97273
11	8.464e+07	8.468e+07	6053	0.40208	0.96667
11	8.468e+07	8.472e+07	5452	0.44312	0.98485
11	8.472e+07	8.476e+07	5127	0.48375	0.88
11	8.476e+07	8.48e+07	4598	0.4725	0.95859
11	8.48e+07	8.484e+07	4030	0.40687	0.88523
11	8.484e+07	8.488e+07	6400	0.37558	0.86503
11	8.488e+07	8.492e+07	6609	0.38054	0.85455
11	8.492e+07	8.496e+07	8178	0.38868	0.94545
11	8.496e+07	8.5e+07	5027	0.4525	0.82828
11	8.5e+07	8.504e+07	6689	0.40143	0.95909
11	8.504e+07	8.508e+07	7150	0.4375	0.90584
11	8.508e+07	8.512e+07	3518	0.45333	0.70455
11	8.512e+07	8.516e+07	4799	0.41056	0.95455
11	8.516e+07	8.52e+07	1518	0.435	0.96061
11	8.52e+07	8.524e+07	5440	0.41937	0.98939
11	8.524e+07	8.528e+07	9701	0.41687	0.75773
11	8.528e+07	8.532e+07	4524	0.42063	0.98295
11	8.532e+07	8.536e+07	7199	0.43633	0.92727
11	8.536e+07	8.54e+07	3893	0.39214	0.96364
11	8.54e+07	8.544e+07	6825	0.41	0.98766
11	8.544e+07	8.548e+07	5530	0.4685	0.93545
11	8.548e+07	8.552e+07	5069	0.4585	0.94727
11	8.552e+07	8.556e+07	7463	0.44094	0.98239
11	8.556e+07	8.56e+07	6689	0.48089	0.98117
11	8.56e+07	8.564e+07	5467	0.51523	1
11	8.564e+07	8.568e+07	7272	0.499	0.99455
11	8.568e+07	8.572e+07	5490	0.48975	0.98182
11	8.572e+07	8.576e+07	7937	0.46333	0.98788
11	8.576e+07	8.58e+07	5228	0.42386	0.97851
11	8.58e+07	8.584e+07	5092	0.4565	0.97364
11	8.584e+07	8.588e+07	4184	0.39031	0.96932
11	8.588e+07	8.592e+07	8593	0.415	0.86471
11	8.592e+07	8.596e+07	7730	0.37944	0.95
11	8.596e+07	8.6e+07	3335	0.37375	0.86932
11	8.6e+07	8.604e+07	5501	0.38896	0.97273
11	8.604e+07	8.608e+07	5940	0.435	0.97652
11	8.608e+07	8.612e+07	5235	0.37385	0.96364
11	8.612e+07	8.616e+07	5770	0.36659	0.96942
11	8.616e+07	8.62e+07	5729	0.39705	0.95537
11	8.62e+07	8.624e+07	4390	0.4425	0.98523
11	8.624e+07	8.628e+07	9610	0.43803	0.93397
11	8.628e+07	8.632e+07	6550	0.42058	0.93427
11	8.632e+07	8.636e+07	4239	0.41	0.94091
11	8.636e+07	8.64e+07	6002	0.47942	0.95734
11	8.64e+07	8.644e+07	5986	0.42107	0.96753
11	8.644e+07	8.648e+07	6924	0.39231	0.95524
11	8.648e+07	8.652e+07	8278	0.40456	0.99198
11	8.652e+07	8.656e+07	4903	0.3835	0.97273
11	8.656e+07	8.66e+07	4744	0.43222	0.96667
11	8.66e+07	8.664e+07	6994	0.40467	0.66182
11	8.664e+07	8.668e+07	7518	0.43141	0.90114
11	8.668e+07	8.672e+07	4952	0.458	0.84273
11	8.672e+07	8.676e+07	5008	0.45194	0.90909
11	8.676e+07	8.68e+07	5491	0.49219	0.90341
11	8.68e+07	8.684e+07	3131	0.46208	0.89545
11	8.684e+07	8.688e+07	4863	0.44889	0.96768
11	8.688e+07	8.692e+07	5027	0.45194	0.91717
11	8.692e+07	8.696e+07	7682	0.42222	0.94242
11	8.696e+07	8.7e+07	5806	0.39104	0.93712
11	8.7e+07	8.704e+07	4021	0.43893	0.92078
11	8.704e+07	8.708e+07	5010	0.435	0.99818
11	8.708e+07	8.712e+07	5431	0.45341	0.97107
11	8.712e+07	8.716e+07	5217	0.40925	0.95364
11	8.716e+07	8.72e+07	3877	0.39094	0.89318
11	8.72e+07	8.724e+07	4556	0.41273	0.89008
11	8.724e+07	8.728e+07	5347	0.44075	0.74182
11	8.728e+07	8.732e+07	7148	0.41533	0.57455
11	8.732e+07	8.736e+07	4818	0.43194	0.95556
11	8.736e+07	8.74e+07	4021	0.48179	0.95195
11	8.74e+07	8.744e+07	5965	0.42712	0.92867
11	8.744e+07	8.748e+07	5782	0.38229	0.96818
11	8.748e+07	8.752e+07	6411	0.46942	0.94476
11	8.752e+07	8.756e+07	7560	0.51609	0.93977
11	8.756e+07	8.76e+07	3015	0.5265	0.98
11	8.76e+07	8.764e+07	5036	0.46425	0.96818
11	8.764e+07	8.768e+07	8146	0.48422	0.9392
11	8.768e+07	8.772e+07	4634	0.50861	0.90303
11	8.772e+07	8.776e+07	4261	0.43656	0.90909
11	8.776e+07	8.78e+07	4569	0.4805	0.89818
11	8.78e+07	8.784e+07	6705	0.45308	0.89091
11	8.784e+07	8.788e+07	5532	0.40154	0.96154
11	8.788e+07	8.792e+07	7226	0.43411	0.96494
11	8.792e+07	8.796e+07	9038	0.46711	0.92727
11	8.796e+07	8.8e+07	2512	0.52625	0.97955
11	8.8e+07	8.804e+07	7453	0.506	0.96242
11	8.804e+07	8.808e+07	4524	0.44031	0.95341
11	8.808e+07	8.812e+07	4524	0.47375	0.96136
11	8.812e+07	8.816e+07	6188	0.49288	0.98741
11	8.816e+07	8.82e+07	6033	0.48477	0.96198
11	8.82e+07	8.824e+07	3518	0.50292	0.99697
11	8.824e+07	8.828e+07	7305	0.46867	0.97091
11	8.828e+07	8.832e+07	4021	0.47571	1
11	8.832e+07	8.836e+07	5530	0.4675	0.98818
11	8.836e+07	8.84e+07	7717	0.49574	0.99358
11	8.84e+07	8.844e+07	1506	0.47875	0.82273
11	8.844e+07	8.848e+07	3532	0.47	0.99351
11	8.848e+07	8.852e+07	7586	0.47183	0.99636
11	8.852e+07	8.856e+07	5972	0.50708	0.99545
11	8.856e+07	8.86e+07	6000	0.43146	0.95303
11	8.86e+07	8.864e+07	5998	0.47091	0.95702
11	8.864e+07	8.868e+07	6605	0.47288	0.94685
11	8.868e+07	8.872e+07	4577	0.50972	0.97576
11	8.872e+07	8.876e+07	5082	0.461	0.92273
11	8.876e+07	8.88e+07	4524	0.48125	0.79432
11	8.88e+07	8.884e+07	4903	0.45056	0.80101
11	8.884e+07	8.888e+07	6831	0.45946	0.91948
11	8.888e+07	8.892e+07	3899	0.46464	0.95584
11	8.892e+07	8.896e+07	6404	0.45161	0.85714
11	8.896e+07	8.9e+07	3313	0.475	0.91061
11	8.9e+07	8.904e+07	3271	0.49042	0.99242
11	8.904e+07	8.908e+07	8063	0.42044	0.95668
11	8.908e+07	8.912e+07	7895	0.45967	0.94545
11	8.912e+07	8.916e+07	5027	0.44639	0.96768
11	8.916e+07	8.92e+07	5027	0.46833	0.98788
11	8.92e+07	8.924e+07	2753	0.468	0.99273
11	8.924e+07	8.928e+07	5768	0.43646	0.98788
11	8.928e+07	8.932e+07	9794	0.4315	0.97318
11	8.932e+07	8.936e+07	5476	0.41773	0.94793
11	8.936e+07	8.94e+07	4592	0.46083	0.99394
11	8.94e+07	8.944e+07	3460	0.43821	0.80519
11	8.944e+07	8.948e+07	6258	0.42635	0.86364
11	8.948e+07	8.952e+07	5550	0.43	0.95702
11	8.952e+07	8.956e+07	5238	0.45023	0.98926
11	8.956e+07	8.96e+07	5827	0.41146	0.88788
11	8.96e+07	8.964e+07	5314	0.4235	0.98182
11	8.964e+07	8.968e+07	4452	0.42083	0.97677
11	8.968e+07	8.972e+07	9731	0.44427	0.95114
11	8.972e+07	8.976e+07	5027	0.43111	0.87172
11	8.976e+07	8.98e+07	8619	0.40972	0.88333
11	8.98e+07	8.984e+07	4524	0.41344	0.66023
11	8.984e+07	8.988e+07	7727	0.44125	0.99602
11	8.988e+07	8.992e+07	5948	0.43136	0.9686
11	8.992e+07	8.996e+07	8043	0.43078	0.95739
11	8.996e+07	9e+07	8950	0.439	0.97545
11	9e+07	9.004e+07	7363	0.43733	0.96061
11	9.004e+07	9.008e+07	6486	0.43161	0.75195
11	9.008e+07	9.012e+07	6648	0.44904	0.97692
11	9.012e+07	9.016e+07	10228	0.43727	0.97149
11	9.016e+07	9.02e+07	6524	0.46604	0.82955
11	9.02e+07	9.024e+07	3827	0.50036	0.99091
11	9.024e+07	9.028e+07	6064	0.46173	0.87413
11	9.028e+07	9.032e+07	5099	0.39875	0.95545
11	9.032e+07	9.036e+07	8888	0.43526	0.99187
11	9.036e+07	9.04e+07	6472	0.43077	0.74196
11	9.04e+07	9.044e+07	6635	0.39714	0.92208
11	9.044e+07	9.048e+07	7726	0.40969	0.90284
11	9.048e+07	9.052e+07	8419	0.41882	0.97326
11	9.052e+07	9.056e+07	9051	0.44324	0.97433
11	9.056e+07	9.06e+07	6040	0.40521	0.95227
11	9.06e+07	9.064e+07	4524	0.43156	0.82159
11	9.064e+07	9.068e+07	7659	0.41484	0.80511
11	9.068e+07	9.072e+07	6577	0.42923	0.74476
11	9.072e+07	9.076e+07	6812	0.37554	0.86039
11	9.076e+07	9.08e+07	9822	0.38762	0.74632
11	9.08e+07	9.084e+07	7132	0.406	0.76485
11	9.084e+07	9.088e+07	5534	0.38923	0.77413
11	9.088e+07	9.092e+07	5987	0.3825	0.89587
11	9.092e+07	9.096e+07	7424	0.38933	0.96182
11	9.096e+07	9.1e+07	9601	0.40158	0.92679
11	9.1e+07	9.104e+07	7070	0.38411	0.97727
11	9.104e+07	9.108e+07	4966	0.417	0.94091
11	9.108e+07	9.112e+07	8632	0.38706	0.94866
11	9.112e+07	9.116e+07	6767	0.39731	0.85804
11	9.116e+07	9.12e+07	6033	0.37519	0.82378
11	9.12e+07	9.124e+07	6874	0.38404	0.91538
11	9.124e+07	9.128e+07	4917	0.39694	0.77374
11	9.128e+07	9.132e+07	5828	0.39437	0.82727
11	9.132e+07	9.136e+07	8041	0.3845	0.8697
11	9.136e+07	9.14e+07	7412	0.38767	0.86242
11	9.14e+07	9.144e+07	6729	0.38654	0.94406
11	9.144e+07	9.148e+07	7574	0.3515	0.95212
11	9.148e+07	9.152e+07	5003	0.3905	0.84727
11	9.152e+07	9.156e+07	5909	0.37812	0.96894
11	9.156e+07	9.16e+07	5447	0.365	0.94215
11	9.16e+07	9.164e+07	5584	0.36688	0.89773
11	9.164e+07	9.168e+07	6787	0.37327	0.91189
11	9.168e+07	9.172e+07	6572	0.36327	0.80979
11	9.172e+07	9.176e+07	8865	0.37206	0.90802
11	9.176e+07	9.18e+07	7538	0.36147	0.87914
11	9.18e+07	9.184e+07	9192	0.36681	0.95505
11	9.184e+07	9.188e+07	7453	0.37162	0.9139
11	9.188e+07	9.192e+07	6156	0.3875	0.95682
11	9.192e+07	9.196e+07	7979	0.3605	0.89273
11	9.196e+07	9.2e+07	4629	0.38361	0.74444
11	9.2e+07	9.204e+07	6915	0.36	0.91212
11	9.204e+07	9.208e+07	4021	0.35107	0.89091
11	9.208e+07	9.212e+07	4624	0.41417	0.76364
11	9.212e+07	9.216e+07	5712	0.35446	0.88636
11	9.216e+07	9.22e+07	3716	0.38821	0.84156
11	9.22e+07	9.224e+07	7382	0.37839	0.91818
11	9.224e+07	9.228e+07	6749	0.37577	0.90699
11	9.228e+07	9.232e+07	9949	0.39787	0.75091
11	9.232e+07	9.236e+07	5974	0.35159	0.97355
11	9.236e+07	9.24e+07	8144	0.37734	0.90739
11	9.24e+07	9.244e+07	9196	0.3825	0.91465
11	9.244e+07	9.248e+07	5779	0.38167	0.6303
11	9.248e+07	9.252e+07	5418	0.38225	0.94091
11	9.252e+07	9.256e+07	8367	0.37092	0.91053
11	9.256e+07	9.26e+07	6558	0.35019	0.82028
11	9.26e+07	9.264e+07	6033	0.40045	0.96694
11	9.264e+07	9.268e+07	7017	0.38734	0.89716
11	9.268e+07	9.272e+07	5998	0.39292	0.79697
11	9.272e+07	9.276e+07	6958	0.387	0.85455
11	9.276e+07	9.28e+07	7773	0.385	0.96061
11	9.28e+07	9.284e+07	6671	0.36962	0.94825
11	9.284e+07	9.288e+07	6814	0.39462	0.83986
11	9.288e+07	9.292e+07	8438	0.38708	0.94697
11	9.292e+07	9.296e+07	9171	0.38329	0.89426
11	9.296e+07	9.3e+07	6114	0.42696	1
11	9.3e+07	9.304e+07	6586	0.4035	0.80788
11	9.304e+07	9.308e+07	5603	0.39437	0.97424
11	9.308e+07	9.312e+07	6920	0.39268	0.97208
11	9.312e+07	9.316e+07	9057	0.40631	0.98961
11	9.316e+07	9.32e+07	7774	0.39963	0.91273
11	9.32e+07	9.324e+07	5111	0.404	0.90909
11	9.324e+07	9.328e+07	5000	0.43295	0.79008
11	9.328e+07	9.332e+07	6463	0.42269	0.78601
11	9.332e+07	9.336e+07	5027	0.41167	0.92323
11	9.336e+07	9.34e+07	5988	0.42519	0.95105
11	9.34e+07	9.344e+07	7413	0.42688	0.92159
11	9.344e+07	9.348e+07	4524	0.42531	0.98182
11	9.348e+07	9.352e+07	4773	0.434	0.87182
11	9.352e+07	9.356e+07	3518	0.40458	0.97273
11	9.356e+07	9.36e+07	6158	0.44917	0.87197
11	9.36e+07	9.364e+07	6033	0.44977	0.86612
11	9.364e+07	9.368e+07	4536	0.45028	0.84646
11	9.368e+07	9.372e+07	6144	0.42708	0.89697
11	9.372e+07	9.376e+07	6033	0.38659	0.96364
11	9.376e+07	9.38e+07	7289	0.39679	0.97468
11	9.38e+07	9.384e+07	6466	0.43442	0.96713
11	9.384e+07	9.388e+07	3421	0.38208	0.93182
11	9.388e+07	9.392e+07	7630	0.38453	0.93636
11	9.392e+07	9.396e+07	8526	0.40672	0.9
11	9.396e+07	9.4e+07	6536	0.45167	0.94697
11	9.4e+07	9.404e+07	2512	0.4975	0.87273
11	9.404e+07	9.408e+07	6825	0.46125	0.99481
11	9.408e+07	9.412e+07	8753	0.50721	0.94225
11	9.412e+07	9.416e+07	3028	0.42833	0.90303
11	9.416e+07	9.42e+07	5873	0.42542	0.90303
11	9.42e+07	9.424e+07	5949	0.50911	0.98442
11	9.424e+07	9.428e+07	4980	0.4825	0.98283
11	9.428e+07	9.432e+07	3518	0.5275	0.97424
11	9.432e+07	9.436e+07	2900	0.52607	0.9961
11	9.436e+07	9.44e+07	1855	0.495	1
11	9.44e+07	9.444e+07	3509	0.5	0.84848
11	9.444e+07	9.448e+07	7200	0.47339	0.82922
11	9.448e+07	9.452e+07	4021	0.45714	0.83506
11	9.452e+07	9.456e+07	3015	0.486	0.96
11	9.456e+07	9.46e+07	4524	0.46344	0.93182
11	9.46e+07	9.464e+07	5047	0.473	0.88091
11	9.464e+07	9.468e+07	3049	0.4625	0.47121
11	9.468e+07	9.472e+07	5153	0.45227	0.60909
11	9.472e+07	9.476e+07	2326	0.505	0.85682
11	9.476e+07	9.48e+07	3518	0.47917	0.94545
11	9.48e+07	9.484e+07	4021	0.49214	0.9961
11	9.484e+07	9.488e+07	3015	0.519	0.97818
11	9.488e+07	9.492e+07	2009	0.5525	0.99091
11	9.492e+07	9.496e+07	4997	0.49139	0.96263
11	9.496e+07	9.5e+07	4662	0.53	0.9697
11	9.5e+07	9.504e+07	4043	0.52187	0.97273
11	9.504e+07	9.508e+07	4750	0.54972	0.93939
11	9.508e+07	9.512e+07	5420	0.52477	0.93884
11	9.512e+07	9.516e+07	5394	0.46523	0.97025
11	9.516e+07	9.52e+07	5515	0.41523	0.91653
11	9.52e+07	9.524e+07	8522	0.48958	0.98485
11	9.524e+07	9.528e+07	4616	0.44861	0.99495
11	9.528e+07	9.532e+07	7039	0.39462	0.94755
11	9.532e+07	9.536e+07	8693	0.41847	0.98081
11	9.536e+07	9.54e+07	5411	0.498	0.97091
11	9.54e+07	9.544e+07	2512	0.50187	0.98182
11	9.544e+07	9.548e+07	6815	0.44483	0.94
11	9.548e+07	9.552e+07	3518	0.53042	0.95455
11	9.552e+07	9.556e+07	5948	0.48409	0.9281
11	9.556e+07	9.56e+07	5965	0.41187	0.90455
11	9.56e+07	9.564e+07	6189	0.47271	0.98333
11	9.564e+07	9.568e+07	4549	0.45778	0.86162
11	9.568e+07	9.572e+07	6904	0.51423	0.94266
11	9.572e+07	9.576e+07	6536	0.49	0.89848
11	9.576e+07	9.58e+07	6536	0.4325	0.90152
11	9.58e+07	9.584e+07	7420	0.47397	0.95241
11	9.584e+07	9.588e+07	4749	0.47167	0.92323
11	9.588e+07	9.592e+07	3015	0.4735	0.92727
11	9.592e+07	9.596e+07	5885	0.44604	0.86364
11	9.596e+07	9.6e+07	5293	0.46729	0.90379
11	9.6e+07	9.604e+07	7475	0.49983	0.93697
11	9.604e+07	9.608e+07	6874	0.46766	0.96648
11	9.608e+07	9.612e+07	3650	0.47719	0.85114
11	9.612e+07	9.616e+07	5609	0.48545	0.98843
11	9.616e+07	9.62e+07	5568	0.49614	0.99091
11	9.62e+07	9.624e+07	6417	0.47625	0.92273
11	9.624e+07	9.628e+07	4726	0.48028	0.94747
11	9.628e+07	9.632e+07	5027	0.49111	0.98586
11	9.632e+07	9.636e+07	3375	0.42625	0.97879
11	9.636e+07	9.64e+07	3909	0.44	0.71429
11	9.64e+07	9.644e+07	3884	0.43214	0.9974
11	9.644e+07	9.648e+07	8979	0.43353	0.98877
11	9.648e+07	9.652e+07	6033	0.42977	0.98017
11	9.652e+07	9.656e+07	1003	0.35	1
11	9.656e+07	9.66e+07	8089	0.45653	0.99747
11	9.66e+07	9.664e+07	5905	0.48045	0.96694
11	9.664e+07	9.668e+07	4516	0.4375	0.86162
11	9.668e+07	9.672e+07	5826	0.54205	0.95785
11	9.672e+07	9.676e+07	6397	0.49038	0.93986
11	9.676e+07	9.68e+07	2009	0.5275	0.90909
11	9.68e+07	9.684e+07	4713	0.48028	0.94141
11	9.684e+07	9.688e+07	5725	0.51462	0.97622
11	9.688e+07	9.692e+07	3265	0.505	0.86364
11	9.692e+07	9.696e+07	5202	0.477	0.87
11	9.696e+07	9.7e+07	3015	0.4955	0.93818
11	9.7e+07	9.704e+07	5609	0.44885	0.96643
